40
0,7,0,52,0,0,0,22,0,0,0,0,0,0,16,0,0,78,0,0,0,0,0,0,0,0,87,0,52,0,0,0,7,0,0,25,36,0,0,0
0,0,0,0,7,0,50,90,0,5,88,0,0,0,0,23,76,37,0,0,0,0,81,0,84,0,0,68,27,13,9,0,0,0,2,89,0,53,0,58
47,0,0,64,0,89,29,0,16,0,83,77,80,14,0,76,62,0,83,78,65,0,62,0,0,37,9,0,0,0,0,41,20,5,0,0,38,0,0,35
0,0,0,0,69,0,0,0,0,28,0,4,40,0,0,0,0,25,62,0,0,0,55,0,0,16,65,0,0,0,0,0,0,6,0,27,33,18,0,0
0,0,2,84,0,58,78,12,39,14,70,0,0,0,0,0,0,5,1,0,0,11,53,0,0,0,0,0,10,0,1,0,0,0,30,67,0,0,4,0
0,0,0,0,0,0,0,69,0,71,3,0,0,78,13,6,8,0,83,58,0,34,72,0,0,0,0,0,0,0,5,0,45,19,0,0,8,67,64,0
71,0,0,47,0,72,0,0,66,0,89,79,0,0,0,14,5,0,0,0,17,39,87,0,74,0,14,22,4,60,0,3,0,45,84,0,0,39,50,0
0,0,0,0,0,65,0,0,15,0,0,0,0,10,0,0,0,86,30,46,0,0,0,50,0,79,64,0,0,0,0,9,63,8,0,49,20,0,0,0
65,11,0,26,74,53,86,0,0,0,53,18,9,0,0,85,90,16,0,59,0,0,6,2,69,0,73,0,80,81,0,0,64,32,0,70,0,0,0,0
5,0,0,30,16,0,32,0,10,0,32,0,0,9,0,0,30,0,68,17,0,0,0,39,0,0,13,0,0,9,0,0,67,0,68,0,18,0,0,0
75,65,0,56,23,0,11,39,40,32,0,37,84,15,36,18,0,0,0,0,0,44,43,0,0,34,0,0,0,0,0,51,0,4,34,83,0,13,31,41
0,10,0,9,0,64,72,73,0,4,80,0,0,34,67,0,0,18,40,0,47,0,0,12,0,64,0,32,13,0,3,0,30,0,9,10,20,50,0,0
35,22,0,0,58,13,0,0,0,0,0,88,0,0,0,0,0,35,0,81,79,4,0,41,0,0,0,87,0,0,47,0,0,0,31,0,0,0,0,0
30,0,57,0,58,29,0,0,23,0,0,0,23,0,11,0,0,0,0,0,0,0,0,63,0,0,8,0,89,3,0,4,58,3,0,34,0,0,0,0
0,0,60,0,10,0,68,2,52,69,1,11,0,0,0,74,0,89,0,0,0,74,0,64,41,0,0,0,0,42,0,49,65,59,24,10,0,19,0,51
0,0,0,86,0,0,0,0,0,19,13,22,41,0,21,0,14,0,57,34,46,0,0,0,29,0,0,0,30,0,85,0,0,0,0,0,12,9,0,0
0,79,33,54,81,0,29,0,17,47,0,21,0,0,69,64,0,0,0,37,39,0,62,0,0,0,0,0,0,0,0,8,0,69,0,45,0,0,0,0
0,0,0,0,0,30,0,0,59,0,0,71,0,0,70,0,33,0,0,67,18,0,0,0,0,0,0,86,64,44,0,0,0,45,66,62,0,0,0,0
11,34,87,0,0,21,0,66,0,0,0,16,0,84,31,32,0,32,0,59,0,59,1,20,0,0,0,0,28,80,0,30,0,0,0,14,32,10,0,3
0,0,2,0,0,6,0,0,0,90,0,42,0,0,0,45,0,50,0,0,0,41,0,0,0,0,0,0,0,0,0,22,50,42,0,35,47,0,16,74
0,7,0,13,0,0,15,0,0,5,16,60,0,0,0,0,21,42,0,0,0,0,0,0,0,0,0,81,0,0,0,0,23,75,0,0,0,0,90,69
0,29,0,0,0,0,0,61,26,0,87,0,0,0,38,9,85,8,0,69,45,0,9,0,14,0,41,0,0,0,0,0,0,82,30,0,0,84,0,85
0,25,17,8,49,49,73,0,0,0,40,0,62,0,15,0,0,0,0,78,77,58,0,0,0,84,87,0,65,0,0,0,0,0,19,0,0,0,0,0
0,9,43,29,0,0,0,46,0,0,0,0,0,0,0,0,21,62,0,82,0,0,0,0,0,55,0,30,0,77,0,0,0,0,0,0,33,0,0,81
55,8,0,0,22,0,0,0,0,13,0,34,0,0,0,0,74,0,0,23,50,44,0,0,0,0,0,66,52,0,0,14,34,0,0,38,0,0,36,0
49,34,0,0,3,0,0,14,23,0,67,0,0,0,0,0,0,0,42,0,0,19,0,10,0,0,39,82,72,0,0,52,0,10,89,65,0,0,0,0
60,0,0,0,12,0,79,70,18,25,0,2,0,23,66,0,54,71,55,79,24,0,0,0,0,82,0,42,10,0,0,0,68,0,36,0,0,35,0,0
0,0,55,4,6,70,3,0,15,62,0,0,0,54,0,41,17,26,0,31,0,47,42,77,6,0,55,0,89,0,0,70,8,73,0,0,56,0,0,0
0,46,0,29,20,87,0,60,0,15,57,0,62,13,0,0,0,0,8,0,54,0,0,0,5,60,65,0,0,0,7,0,0,0,0,0,0,16,0,70
0,0,0,0,0,54,0,0,13,0,0,37,62,0,0,0,64,63,0,87,50,0,0,0,0,48,0,36,0,0,0,83,84,0,58,75,0,14,0,0
71,37,72,0,0,0,0,72,14,0,0,30,0,0,0,0,63,0,0,0,0,0,0,0,65,0,0,58,67,0,0,36,67,77,0,0,7,0,0,0
30,19,0,8,0,0,0,67,0,1,0,0,0,0,0,0,20,1,0,0,0,81,0,48,0,0,75,0,0,84,0,0,0,32,4,72,18,0,32,56
0,49,0,0,0,1,0,56,0,0,0,0,0,0,0,71,0,0,0,54,40,10,0,79,0,0,0,0,0,41,0,0,0,0,0,0,57,52,22,7
0,0,0,20,37,0,0,56,17,0,0,19,0,0,79,66,33,0,0,9,0,89,41,59,0,12,0,45,40,65,59,27,10,0,0,0,0,0,49,0
90,0,0,0,14,22,89,0,0,0,30,0,0,0,34,16,0,39,0,0,0,0,0,0,25,50,0,37,0,0,0,0,15,24,0,55,0,0,0,0
12,60,0,0,49,89,0,26,0,0,0,0,0,0,49,0,0,0,0,36,35,0,18,0,15,0,0,0,10,85,0,0,87,0,0,0,0,81,0,0
1,0,0,9,0,0,0,13,0,0,0,0,0,1,0,0,21,0,0,62,0,20,21,67,16,0,0,0,0,0,75,4,0,0,0,74,0,13,9,23
87,0,0,0,33,0,89,14,19,80,17,81,0,83,79,0,0,55,23,0,18,0,17,0,0,60,0,12,0,0,0,0,51,49,0,73,0,0,3,72
10,0,63,1,0,3,59,0,0,0,0,38,0,0,0,0,0,54,0,0,0,6,0,54,0,0,85,0,0,0,0,10,50,0,1,22,39,0,0,4
0,0,0,0,0,0,0,16,0,0,0,84,10,89,0,0,46,55,64,30,77,56,0,34,0,0,24,0,27,0,0,0,0,0,36,0,78,0,0,0
16
12
TSP path (random chosen, may be minimum): [16, 38, 28, 7, 27, 29, 19, 36, 23, 3, 33, 40, 8, 14, 30, 9, 13, 22, 25, 10, 20, 6, 17, 32, 4, 26, 24, 2, 31, 37, 39, 1, 15, 5, 18, 21, 11, 34, 12, 35, 16]
TSP sum: 444
Shortest path: [16, 6, 39, 4, 12]
Shortest path length: 19
