24
0,1,0,46,0,0,67,18,0,0,0,0,23,76,0,0,71,0,0,73,0,6,5,0
0,0,52,0,75,0,0,33,0,30,20,0,0,0,17,0,76,21,0,39,37,50,0,0
12,0,0,35,0,40,0,29,0,0,21,80,0,56,0,37,0,0,0,11,83,33,0,0
0,0,0,0,0,0,89,0,0,0,0,0,0,8,0,0,25,45,0,77,71,26,0,0
28,0,66,0,0,0,13,8,0,0,0,77,0,0,57,0,0,0,35,0,0,0,6,58
0,63,0,87,0,0,3,13,0,77,0,0,0,0,0,0,68,0,0,20,0,0,0,0
0,75,26,0,0,0,0,0,0,0,76,0,0,0,0,7,0,0,69,0,10,0,0,0
0,69,17,0,85,0,0,0,0,0,0,0,65,0,0,0,0,0,32,0,0,0,0,0
0,0,0,0,66,50,90,0,0,47,0,83,0,9,75,20,20,85,0,0,0,0,0,22
19,70,89,0,4,28,36,8,0,0,0,64,23,65,0,0,0,44,0,0,0,0,43,15
0,57,0,0,7,0,23,0,0,0,0,39,0,0,0,0,0,0,0,57,20,52,31,19
90,17,0,0,0,87,13,28,10,0,0,0,0,48,0,0,33,87,0,25,0,0,16,7
49,0,0,0,0,27,26,74,18,25,11,67,0,0,0,28,0,0,0,81,0,0,26,34
0,0,0,0,0,6,0,34,26,0,0,51,74,0,88,64,0,0,0,56,59,9,0,0
0,0,0,25,0,0,75,6,70,0,0,0,34,0,0,52,9,0,82,0,90,0,0,0
73,0,16,0,0,31,36,0,33,3,72,89,0,0,0,0,44,13,0,0,81,0,0,0
64,42,39,29,0,31,0,0,78,0,69,61,0,11,73,0,0,57,0,0,19,0,0,0
14,86,0,72,52,0,86,0,0,0,87,0,9,0,23,1,0,0,39,12,0,0,0,0
0,0,0,60,24,71,0,0,0,15,0,0,53,0,0,0,0,0,0,0,0,35,0,0
31,50,0,0,5,0,44,0,0,36,15,0,28,0,60,0,0,0,5,0,48,53,0,0
65,6,53,11,79,0,0,0,0,0,84,0,0,0,0,0,70,77,0,0,0,45,67,0
50,0,82,20,0,0,0,0,0,19,0,0,23,0,45,0,0,0,0,16,0,0,1,0
0,0,0,0,0,2,0,0,0,48,0,22,0,76,0,0,0,28,3,75,0,0,0,0
0,0,0,68,0,0,83,0,0,0,0,17,31,40,0,0,0,87,0,0,0,0,0,0
21
9
TSP path (random chosen, may be minimum): [21, 2, 15, 8, 3, 1, 22, 4, 14, 6, 20, 11, 5, 23, 19, 10, 24, 12, 7, 16, 18, 13, 9, 17, 21]
TSP sum: 295
Shortest path: [21, 2, 12, 9]
Shortest path length: 33
