1000 5035 444
0 244 48
0 303 16
0 310 26
0 335 14
0 785 15
1 410 49
1 596 30
1 642 7
1 795 3
1 914 8
2 108 24
2 233 47
2 491 4
2 721 3
3 201 1
3 362 23
3 886 41
3 949 49
4 110 43
4 292 26
4 409 15
4 531 36
4 590 6
4 864 44
4 871 11
5 181 6
5 558 11
5 728 7
5 743 40
5 895 12
6 8 39
6 80 21
6 134 30
6 272 26
6 322 40
6 572 46
7 68 48
7 596 38
7 663 29
7 688 34
7 784 36
7 797 33
8 558 15
8 624 42
8 727 31
8 784 3
8 801 44
8 842 49
8 860 8
9 130 42
9 179 44
9 648 31
9 815 24
9 940 5
10 133 27
10 403 36
10 656 46
10 975 49
10 994 20
11 130 8
11 136 13
11 334 11
11 664 11
11 846 47
11 984 29
12 27 9
12 90 41
12 91 37
12 373 25
13 35 47
13 374 9
13 389 9
13 617 37
13 771 37
13 783 47
13 971 28
14 409 9
14 435 17
14 976 2
15 49 41
15 58 37
15 149 27
15 842 22
15 868 34
16 22 42
16 257 19
16 403 32
16 430 1
16 755 32
17 122 14
17 242 21
17 292 5
17 412 20
17 433 28
17 450 28
17 501 33
17 740 24
17 751 1
18 380 42
18 441 3
18 705 23
19 57 40
19 386 24
19 405 3
19 500 10
19 559 37
19 862 13
19 888 47
20 225 14
20 317 42
20 788 4
20 872 12
21 14 46
21 123 13
21 141 38
21 156 39
21 611 45
21 619 26
21 671 46
22 231 44
22 541 12
22 842 38
22 918 38
22 987 19
23 31 14
23 62 42
23 226 40
23 480 31
23 680 41
23 815 41
24 229 42
24 305 25
24 458 43
24 644 24
24 852 5
25 27 9
25 113 46
25 334 32
25 483 4
25 595 26
25 657 46
26 195 20
26 328 26
26 574 37
27 525 28
27 561 43
27 569 14
27 618 19
27 767 30
27 830 41
27 839 43
28 40 43
28 511 20
28 573 41
28 639 32
28 810 48
28 853 12
28 900 49
29 32 31
29 164 14
29 329 11
29 404 4
29 605 23
29 621 44
29 626 27
29 647 28
29 732 1
29 912 9
29 927 14
30 252 34
30 305 14
30 358 36
30 537 31
30 596 24
30 896 5
30 910 11
30 964 47
31 167 49
31 862 42
31 873 41
31 989 44
32 249 38
32 295 26
32 447 25
32 843 41
32 910 43
32 939 39
33 10 34
33 363 32
33 567 1
33 845 30
33 881 41
33 967 17
33 977 18
34 42 7
34 434 5
34 605 30
34 880 13
34 899 46
34 989 39
35 200 7
35 436 21
35 469 27
35 604 23
35 910 38
36 92 48
36 116 30
36 257 36
36 366 9
36 375 1
36 420 20
36 460 17
36 517 36
37 162 44
37 226 17
37 543 36
37 715 41
37 859 33
37 881 24
38 203 31
38 893 26
38 927 22
39 15 37
39 23 35
39 140 27
39 218 18
39 222 31
39 361 42
39 455 43
39 686 14
40 20 36
40 139 47
40 230 22
40 341 13
40 440 4
40 515 4
40 548 8
40 648 35
40 939 18
41 313 18
42 92 35
42 166 48
42 489 4
42 923 12
43 155 38
43 185 46
43 233 2
43 582 46
43 623 31
43 656 11
43 674 25
43 800 37
43 803 32
43 812 13
43 865 15
44 242 23
44 278 49
44 497 24
45 143 8
45 269 10
45 475 38
45 786 43
46 490 21
46 757 1
46 789 14
47 356 14
47 414 43
47 498 47
47 677 13
47 708 32
48 208 16
48 467 36
48 493 28
48 499 2
48 802 33
49 249 23
49 737 38
49 898 49
50 271 6
50 353 22
50 695 5
51 769 49
51 878 22
52 208 13
52 351 29
52 705 6
53 87 9
53 147 38
53 398 7
53 469 25
53 694 33
54 299 25
54 375 33
54 382 22
54 540 31
55 278 10
55 765 24
55 879 5
55 956 21
56 67 43
56 195 39
56 202 16
56 547 45
56 719 36
56 926 11
57 734 36
57 753 32
58 585 23
58 835 20
59 369 21
59 491 15
59 683 44
60 35 21
60 494 47
60 600 44
60 666 32
60 855 43
60 870 44
61 176 4
61 440 21
61 472 18
61 589 18
61 669 19
61 738 17
61 875 15
62 18 7
62 455 27
62 647 35
62 960 39
63 60 41
63 651 10
63 749 37
63 793 29
63 934 34
64 223 8
64 368 36
64 468 46
64 472 45
64 860 36
65 18 35
65 366 38
65 532 25
65 690 33
66 144 33
66 264 3
67 64 15
67 344 41
67 408 15
67 614 36
67 713 28
67 842 1
67 961 47
68 80 44
68 302 11
68 331 38
68 483 45
68 836 14
69 23 31
69 50 46
69 371 28
69 527 49
69 571 1
69 625 20
69 717 7
70 423 34
70 696 40
71 657 2
71 766 45
71 929 7
72 6 49
72 434 9
72 686 23
72 791 42
72 793 44
72 809 12
73 404 33
73 912 29
74 35 45
74 156 43
74 171 14
74 354 4
74 590 2
75 13 47
75 94 10
75 264 4
75 270 11
75 432 38
75 557 47
75 609 38
75 938 36
75 995 43
76 204 44
76 632 30
76 959 40
77 139 44
77 141 10
77 156 8
77 736 5
77 854 5
78 867 38
79 112 30
79 481 6
79 897 47
80 113 46
80 351 20
80 381 12
80 426 16
80 533 43
80 549 21
81 133 48
81 395 43
81 681 44
82 223 21
82 329 18
82 465 44
82 494 2
82 806 2
83 157 32
83 757 23
83 883 18
83 919 13
84 308 28
84 442 4
84 643 47
84 658 13
84 719 41
84 822 31
85 30 23
85 359 28
86 162 17
86 228 34
86 312 30
86 605 45
86 626 9
87 309 40
87 395 29
87 516 43
87 673 31
87 851 35
88 206 36
88 235 39
88 383 35
89 168 30
89 252 32
89 265 4
89 459 34
89 525 9
89 528 17
89 549 29
89 670 11
89 841 34
89 873 32
89 926 1
90 104 3
90 153 12
90 315 13
90 437 35
90 454 36
90 593 42
90 611 19
90 688 29
90 822 17
90 921 3
91 108 21
91 163 49
91 253 16
91 326 33
91 784 38
91 980 45
92 105 4
92 360 15
92 769 46
92 816 37
92 825 43
92 948 8
92 964 16
93 32 11
93 37 7
93 41 20
93 65 18
93 366 5
93 386 39
93 518 22
93 864 2
94 23 2
94 278 37
94 282 7
94 607 17
94 744 32
95 414 34
95 438 1
95 600 1
95 681 29
95 762 7
96 223 8
96 248 29
96 482 46
96 536 1
96 839 11
97 500 9
97 520 32
97 579 29
97 935 41
97 988 49
98 22 9
98 443 26
98 621 13
98 652 3
98 925 49
99 42 24
99 239 20
99 296 31
99 580 7
99 935 40
100 586 47
101 160 24
101 267 5
101 302 10
101 362 4
101 454 20
101 608 43
101 659 39
101 799 13
101 910 7
101 916 43
101 974 13
102 95 12
102 345 20
102 594 9
102 596 40
102 623 12
102 721 42
103 162 25
103 475 15
103 994 35
104 478 2
104 777 1
105 98 21
105 107 34
105 682 7
105 852 38
106 170 20
106 231 41
106 236 45
106 598 28
106 988 19
107 62 6
107 75 7
107 539 40
107 919 18
108 7 30
108 343 9
108 515 5
108 585 19
108 594 12
108 756 33
109 15 22
109 133 20
109 148 5
109 317 3
109 392 13
109 835 14
110 121 25
110 148 7
110 207 45
110 347 31
110 590 28
111 29 40
111 108 42
111 292 8
111 809 14
112 212 10
112 376 25
112 573 26
112 613 39
112 697 25
112 845 8
113 12 38
113 18 7
113 297 4
113 305 40
113 704 18
113 800 43
113 802 16
114 559 38
115 93 26
115 205 43
115 374 8
115 420 16
115 452 30
115 928 19
116 67 43
116 209 28
116 442 45
116 802 17
116 806 9
116 814 16
117 260 13
117 316 11
117 393 42
117 689 2
117 749 8
117 832 43
117 834 9
117 944 33
118 110 49
118 537 19
119 129 30
119 285 15
119 660 48
119 704 31
119 747 42
120 30 26
120 119 4
120 134 44
120 512 8
120 542 21
120 650 19
120 953 43
120 977 32
120 981 5
121 32 37
121 52 45
121 353 6
121 471 2
121 481 42
121 663 43
121 848 31
122 211 34
122 665 19
122 696 22
122 811 13
122 947 26
123 197 3
123 303 38
123 554 14
123 556 6
123 566 44
123 716 7
123 822 4
124 234 48
124 385 14
125 458 8
125 716 29
126 38 34
126 146 27
126 353 8
126 520 19
126 824 21
126 887 17
127 158 6
127 688 4
127 832 36
127 870 20
127 933 47
128 17 21
128 466 32
129 137 12
129 443 28
129 560 23
129 593 28
129 640 24
130 56 23
130 137 31
130 267 41
130 323 39
130 647 18
130 679 14
131 46 27
131 371 26
131 530 3
131 689 40
132 16 45
132 30 29
132 279 40
132 436 11
132 480 17
132 642 32
132 747 33
132 999 47
133 66 16
133 160 44
133 379 45
133 389 13
133 467 36
133 818 35
134 56 12
134 144 38
134 186 8
134 243 35
134 453 5
134 599 2
135 170 46
135 191 18
135 337 24
135 381 44
136 224 11
136 471 27
136 511 24
136 565 2
136 649 26
137 93 18
137 171 9
137 269 28
137 281 47
137 421 20
137 450 23
137 660 13
137 714 3
137 867 33
137 915 35
138 485 15
138 792 48
138 892 45
139 43 19
139 258 11
139 317 29
139 331 4
139 556 36
139 756 47
139 871 11
139 989 10
140 598 19
140 934 42
141 252 15
141 695 5
142 92 44
142 196 23
142 962 37
143 113 42
143 369 40
143 424 33
143 537 44
144 112 8
144 586 23
144 700 12
144 735 45
145 250 42
146 3 30
146 57 2
146 169 18
146 677 9
146 763 9
146 795 20
147 77 33
147 204 6
147 425 38
147 721 8
147 784 34
147 897 32
148 145 10
148 274 10
148 324 39
148 367 8
148 678 42
149 174 4
149 738 43
150 47 27
150 388 28
150 492 11
150 517 15
150 536 7
150 603 34
151 53 14
151 183 49
151 200 3
151 290 31
151 430 35
151 479 49
151 652 5
152 57 4
152 553 23
152 626 12
152 677 24
152 711 15
152 762 28
152 825 15
153 134 27
153 261 43
153 309 6
153 359 21
153 383 29
153 439 3
153 608 43
153 713 29
153 987 10
154 45 16
154 49 1
154 145 2
154 465 26
154 563 13
154 564 41
154 575 37
154 809 43
155 137 34
155 303 45
155 730 3
155 803 25
155 953 16
156 76 49
156 465 30
156 907 15
157 147 43
157 219 23
157 261 22
157 381 33
157 387 43
157 388 35
157 634 24
157 827 32
157 830 25
158 126 4
158 148 7
158 155 46
158 284 8
158 687 44
158 798 31
158 965 19
159 13 47
159 401 45
159 624 20
160 180 15
160 709 32
161 88 9
161 382 24
161 531 9
161 635 23
161 722 6
161 770 4
161 923 38
162 33 36
162 111 34
162 427 34
162 638 1
162 741 39
162 765 4
162 769 1
162 884 47
163 19 22
163 40 7
163 137 25
163 739 48
164 156 12
164 244 37
164 576 4
164 621 40
164 643 21
164 791 15
164 973 33
165 31 46
165 581 36
165 651 2
165 731 24
166 20 42
166 291 34
166 350 18
166 712 48
166 863 27
166 997 48
167 6 33
167 42 41
167 49 16
167 140 49
167 582 13
167 596 28
167 807 35
167 933 25
167 962 23
167 965 35
168 74 14
168 141 23
168 176 37
169 124 44
169 200 43
169 279 29
169 705 37
170 48 9
170 279 35
170 376 42
170 512 25
171 18 28
171 137 43
171 285 37
171 376 27
171 775 27
172 48 43
172 74 42
172 77 16
172 110 11
172 130 31
172 393 41
172 471 4
172 801 34
172 957 17
173 75 29
173 827 2
173 896 24
173 977 9
174 176 46
174 376 14
174 496 17
174 758 31
175 227 6
175 264 7
175 276 7
175 314 4
175 544 41
175 840 13
176 211 1
176 246 3
176 604 7
176 680 29
176 715 6
176 839 12
177 661 32
177 692 19
177 731 36
177 832 4
178 35 36
178 199 36
178 272 26
178 343 47
178 443 17
178 571 12
179 171 9
179 211 13
179 214 25
179 222 42
179 376 8
179 496 44
179 556 7
179 625 19
179 689 13
179 886 33
180 174 6
180 260 8
180 262 44
180 603 18
181 422 23
181 537 12
181 821 1
182 299 29
182 406 18
182 568 44
182 937 40
183 469 25
183 507 17
183 781 49
184 164 19
184 320 3
185 37 43
185 507 23
185 547 6
185 645 4
185 847 18
185 855 31
186 318 24
186 420 11
186 596 8
186 886 30
186 957 3
187 121 9
187 147 24
187 309 14
187 474 6
187 708 9
187 953 35
187 981 40
188 47 25
188 443 4
188 452 10
188 621 12
188 779 25
188 823 7
188 875 33
189 108 42
189 378 29
189 512 17
189 583 23
189 725 43
190 146 34
190 172 26
190 216 38
190 245 22
190 290 48
190 534 33
190 591 27
190 839 38
190 929 40
191 40 48
191 388 47
191 745 36
191 923 21
192 220 18
192 491 21
192 861 11
193 21 42
193 116 24
193 166 16
193 432 30
193 604 27
193 692 40
194 131 21
194 405 8
194 456 8
194 609 26
194 830 18
195 283 37
195 393 26
195 411 43
195 946 26
195 971 12
196 593 6
196 654 49
197 46 1
197 301 3
197 399 5
197 514 26
197 776 18
197 792 37
198 395 28
198 551 37
199 142 39
199 591 33
199 643 49
199 648 36
199 897 33
199 951 30
200 359 7
200 494 13
200 546 20
200 737 36
201 1 48
201 71 41
201 738 35
202 153 33
202 424 43
202 581 36
202 763 10
203 26 32
203 617 1
203 927 15
204 89 20
204 215 34
204 566 23
204 747 11
204 919 46
204 956 31
205 27 49
205 288 37
205 447 1
205 864 17
206 264 23
206 320 21
206 529 36
206 880 45
207 111 7
207 393 7
207 481 20
207 898 17
207 948 11
208 207 30
208 245 31
208 509 23
208 585 34
208 620 20
208 636 16
208 725 28
209 7 21
209 35 49
209 207 15
209 236 35
209 425 35
209 448 24
209 618 40
209 675 42
209 863 46
209 958 46
209 976 22
210 99 27
210 592 10
210 599 39
210 886 49
211 37 48
211 290 49
211 372 13
211 721 19
211 824 16
211 843 8
212 323 48
212 339 33
212 376 24
212 495 39
212 510 26
212 709 48
212 735 16
213 124 21
213 364 39
213 476 41
213 569 27
213 759 23
213 793 4
213 898 18
213 965 11
214 81 48
214 253 19
214 491 48
214 723 10
215 136 3
215 210 43
215 699 16
215 838 40
215 847 46
215 926 34
216 62 21
216 246 18
216 318 23
216 570 24
216 595 5
216 797 47
216 877 7
216 885 23
216 984 7
216 990 49
217 62 29
217 218 34
217 241 30
217 286 17
217 334 42
217 662 16
217 702 17
217 743 26
218 159 48
218 179 9
218 438 9
218 540 29
218 725 26
218 897 29
219 305 25
219 590 46
220 403 30
220 588 43
220 729 7
221 637 44
222 132 31
222 243 18
222 271 23
222 408 18
222 990 44
223 29 1
223 31 30
223 355 11
223 415 11
223 668 38
223 987 31
224 104 13
224 159 29
224 246 22
224 527 14
224 681 32
224 682 31
224 705 29
224 708 36
225 12 25
225 39 33
225 42 13
225 232 42
225 363 48
225 782 9
226 28 47
226 89 5
226 462 47
226 677 29
226 691 23
227 33 6
227 468 14
227 495 43
227 639 4
227 827 12
227 911 20
227 968 10
228 20 48
228 949 11
229 50 21
229 324 8
229 325 19
230 233 28
230 402 32
230 625 34
230 731 27
231 59 37
231 250 32
231 284 19
231 346 2
232 761 1
232 879 10
233 158 16
233 399 47
233 506 49
233 999 45
234 186 44
234 871 32
235 167 2
235 480 37
235 744 3
235 949 30
235 993 18
236 82 28
236 173 41
236 333 16
236 412 23
236 800 1
237 588 36
237 861 39
237 882 44
237 970 21
238 383 10
238 550 11
238 699 12
238 732 39
238 792 44
239 215 39
239 602 39
239 655 28
239 741 2
239 821 47
239 857 27
239 904 42
239 980 27
240 132 14
240 135 44
240 295 23
240 390 6
240 715 25
241 269 13
241 692 14
241 721 29
241 945 36
242 539 39
242 629 45
242 735 3
242 961 44
243 159 45
243 360 6
243 388 20
243 510 32
243 774 36
244 92 43
244 397 22
244 430 41
244 562 32
245 58 45
245 227 40
245 252 17
246 208 29
246 598 43
246 668 8
246 958 27
247 512 7
247 655 23
248 76 7
248 124 13
248 216 9
248 635 22
248 968 7
249 202 45
249 853 32
250 96 15
250 345 34
250 967 32
251 0 41
251 141 34
251 275 47
251 503 44
251 732 46
252 10 21
252 14 12
252 47 38
252 105 11
252 414 44
252 532 46
252 542 43
252 613 3
252 651 40
252 979 13
253 54 10
253 110 48
253 117 1
253 511 7
253 520 37
253 563 48
253 948 23
253 962 47
254 11 17
254 85 44
254 246 41
254 307 28
254 351 18
254 463 31
255 62 17
255 135 43
255 149 15
255 491 32
255 537 16
255 624 47
255 631 46
255 649 5
255 953 34
256 214 42
256 504 33
256 507 34
256 648 47
256 708 45
256 745 43
256 792 26
256 880 38
256 951 7
257 511 19
257 537 43
257 708 30
258 849 45
259 443 41
259 630 27
259 704 18
259 742 31
259 887 33
260 162 23
260 201 31
260 323 10
260 355 31
260 672 22
260 891 30
261 254 33
261 548 40
261 629 48
261 903 10
262 246 24
262 325 8
262 326 6
262 784 25
263 78 34
263 177 20
263 299 38
263 363 25
263 450 12
263 554 24
263 575 26
263 732 35
263 761 30
264 75 36
264 736 7
264 944 19
265 308 31
265 570 34
265 612 47
265 668 31
265 689 42
265 750 46
265 851 34
265 990 10
266 195 24
266 267 2
266 583 42
266 896 35
267 166 46
267 364 6
267 483 5
267 699 2
268 489 10
268 541 26
268 788 16
268 862 23
268 945 24
269 130 49
269 314 16
269 494 48
270 243 49
270 364 30
270 392 12
270 447 34
270 564 47
270 716 26
270 791 41
271 643 15
271 863 46
271 941 48
272 157 20
272 267 39
272 326 29
272 430 37
272 688 10
272 735 32
273 173 15
273 362 36
273 377 30
273 520 7
273 570 5
274 50 13
274 378 36
274 544 36
274 993 38
275 145 22
275 147 38
275 308 6
275 525 36
276 19 37
276 381 13
276 647 25
277 127 36
277 130 24
277 391 17
277 543 2
277 617 30
277 676 9
277 780 10
277 982 9
278 222 29
278 282 15
278 644 46
278 805 9
278 850 4
279 210 9
279 427 3
279 455 33
279 544 4
279 759 11
280 841 26
280 914 44
280 965 15
281 85 19
281 91 6
281 126 23
281 410 39
281 796 46
282 338 26
282 397 49
282 491 15
282 943 34
282 974 14
283 225 23
283 377 42
283 400 3
283 420 25
283 636 2
283 663 21
283 889 4
284 224 22
284 410 35
284 753 36
284 780 9
284 828 46
284 986 42
285 35 37
285 97 8
285 257 13
286 137 31
286 776 28
286 954 17
287 37 43
287 134 27
287 138 28
287 455 30
287 528 26
287 620 10
287 704 25
287 768 36
287 824 15
287 881 34
287 896 21
288 128 38
288 268 20
288 850 36
289 68 48
289 162 22
289 475 8
289 780 9
289 834 41
290 190 49
290 467 8
291 14 9
291 393 21
291 549 10
291 632 37
291 668 23
291 811 15
291 841 24
292 246 6
292 416 19
292 486 16
292 713 35
292 963 18
292 985 37
293 311 44
293 381 4
293 612 22
293 622 32
293 652 18
293 740 40
293 767 38
294 46 31
294 265 8
294 707 6
294 709 3
295 384 21
295 687 22
295 699 20
295 739 9
295 761 44
295 790 20
295 936 25
296 514 37
296 565 8
296 637 33
296 866 42
297 32 29
297 141 16
297 291 13
297 321 35
297 341 28
297 489 47
298 27 7
298 96 3
298 192 38
298 582 37
299 134 13
299 225 28
299 314 16
300 138 6
300 152 8
300 423 1
300 644 49
300 908 38
301 155 46
301 165 26
301 178 39
301 182 26
301 375 8
301 517 20
301 522 44
301 614 1
302 599 42
302 684 34
303 206 25
303 633 1
303 968 4
303 969 49
304 420 27
304 729 12
304 759 49
304 847 20
304 926 21
305 14 16
305 192 38
305 275 12
305 303 26
305 695 20
305 752 46
306 101 33
306 926 38
307 85 28
307 260 5
307 266 38
307 555 38
307 697 26
308 105 2
308 120 6
308 142 27
308 159 10
308 167 18
309 714 8
309 744 49
310 169 23
310 414 6
310 540 49
311 269 44
311 339 13
311 379 32
311 398 16
311 647 13
311 995 34
312 156 14
312 161 46
312 752 27
312 916 43
313 110 38
313 311 35
313 381 43
313 401 45
313 693 26
313 839 27
313 908 6
314 443 10
314 725 36
314 802 28
314 911 29
315 68 40
315 233 11
315 555 36
315 632 16
315 642 24
315 772 3
316 24 25
316 140 1
316 250 13
316 433 38
316 637 17
317 81 49
317 170 45
317 848 24
317 906 25
318 6 36
318 152 25
318 348 44
318 642 38
319 124 2
319 514 25
319 789 39
319 807 27
319 941 19
320 75 25
320 188 35
320 215 29
320 872 29
320 973 11
321 43 40
321 97 14
321 652 40
322 26 18
322 126 49
322 347 24
322 603 31
322 783 15
323 85 32
323 129 29
323 916 26
324 653 18
325 756 8
325 966 17
326 83 48
326 821 37
327 808 42
327 859 41
328 294 35
328 571 44
328 619 9
328 653 21
328 757 12
329 279 29
329 394 17
329 560 18
329 570 34
329 906 36
330 241 26
330 390 46
330 553 14
330 715 9
330 722 7
330 728 24
330 811 19
330 825 47
331 140 18
331 401 41
331 853 48
331 880 17
331 893 25
332 48 38
332 118 4
332 240 2
332 393 45
332 409 30
332 549 47
332 734 34
333 10 24
333 55 32
333 238 25
333 766 44
333 979 4
334 92 20
334 253 38
334 314 25
334 877 39
334 891 1
334 945 33
335 105 44
335 383 11
335 462 12
336 100 34
337 184 11
337 256 37
337 309 39
337 460 27
337 489 15
337 599 12
338 121 11
338 261 30
338 551 9
338 647 19
338 713 8
339 108 39
339 410 26
339 451 16
339 452 35
339 763 41
340 28 29
340 225 38
340 358 33
340 399 12
340 437 48
340 481 1
340 988 16
341 197 2
342 136 17
342 232 18
342 302 20
343 137 33
343 610 7
343 677 15
344 27 47
344 787 36
344 792 27
345 143 30
345 166 20
345 246 49
345 283 31
345 299 45
345 401 11
345 557 18
345 677 18
345 699 6
345 719 45
345 784 35
346 410 40
346 774 4
346 910 31
347 75 22
347 539 10
348 141 1
348 741 47
348 777 37
348 809 13
348 883 2
349 213 19
349 752 30
349 799 38
349 880 29
349 895 18
349 984 21
350 44 8
350 77 6
350 177 40
351 274 8
351 416 39
351 722 20
351 874 18
352 153 9
352 596 9
352 613 22
352 671 43
353 146 4
353 349 21
353 422 26
353 480 24
353 502 42
353 537 44
353 752 36
353 898 33
354 4 17
354 298 17
354 712 32
354 757 21
354 883 10
354 985 24
355 116 8
355 539 39
355 548 34
355 665 3
355 746 27
355 865 28
356 19 48
356 51 41
356 359 44
356 736 1
356 774 15
356 828 12
357 26 34
357 104 46
357 188 15
357 279 14
357 451 26
357 655 6
357 791 32
358 460 39
358 462 17
358 553 36
358 610 39
359 629 2
359 841 40
360 140 12
360 294 18
360 341 12
360 973 16
361 85 17
361 99 42
361 730 15
361 953 15
361 997 12
362 133 14
363 471 12
363 528 43
363 598 2
363 620 20
363 641 16
363 665 37
363 724 19
363 737 13
363 927 5
364 58 15
364 114 41
364 268 40
364 464 40
364 554 27
364 860 28
364 931 18
364 999 3
365 166 46
365 415 8
366 199 29
366 307 47
366 433 43
366 923 7
366 937 22
367 146 4
367 182 42
367 404 2
367 569 22
367 610 20
368 168 33
368 399 37
368 525 35
368 527 49
368 620 16
369 387 15
369 861 39
369 954 10
369 962 38
370 331 30
371 244 7
371 437 12
371 533 39
371 784 38
371 954 16
372 28 38
372 603 21
373 738 38
373 836 9
373 842 24
373 938 18
374 252 30
374 314 20
374 770 14
375 747 9
375 774 14
375 882 29
375 889 6
376 117 18
376 213 13
376 373 48
376 422 32
376 492 2
376 588 1
376 613 45
377 136 40
377 259 26
377 325 6
377 485 1
377 753 47
378 69 18
378 166 40
378 246 25
378 647 44
379 128 37
379 395 1
379 495 20
379 543 33
379 707 25
380 235 38
380 659 2
381 137 35
381 179 45
381 220 38
381 430 44
381 996 8
382 75 38
382 479 20
382 609 34
382 722 30
382 787 10
383 440 48
383 612 23
383 828 44
383 886 32
384 96 29
384 592 35
384 666 4
385 117 26
385 135 2
385 384 19
385 479 15
385 882 14
385 952 20
386 921 25
387 460 43
387 548 23
387 703 18
387 779 12
387 920 13
388 253 9
388 520 42
389 125 37
389 310 35
389 348 24
389 351 46
389 661 44
389 862 42
390 49 30
390 458 41
390 499 5
390 530 8
390 853 37
391 171 10
391 177 40
391 273 12
391 539 34
391 870 18
392 309 48
392 451 43
392 554 31
392 771 40
392 997 11
393 4 20
393 607 34
393 903 33
393 970 29
394 54 37
394 335 11
394 371 10
394 447 45
394 536 42
394 704 21
394 843 7
394 898 35
395 175 40
395 398 21
395 615 30
395 704 29
395 734 40
396 20 33
396 280 47
396 965 13
396 982 49
397 138 21
397 582 29
397 714 43
397 932 31
398 561 25
398 679 44
398 735 26
398 850 24
399 80 35
399 190 39
399 374 39
399 381 19
399 505 15
399 999 22
400 460 43
400 550 48
400 598 5
401 297 32
401 476 19
401 482 27
401 713 35
401 808 37
401 817 4
402 230 33
402 389 48
402 469 15
402 485 39
402 735 32
403 325 8
403 429 3
403 678 10
403 709 48
403 803 37
403 991 24
404 255 9
404 398 17
404 464 7
404 487 29
404 526 39
404 859 20
405 211 23
405 760 30
405 806 28
406 173 26
406 276 47
406 474 38
406 479 29
406 652 1
406 667 47
406 830 11
407 67 35
407 275 48
407 288 37
407 308 40
407 398 45
407 534 25
407 621 48
407 643 14
407 826 23
407 842 18
407 896 15
408 117 13
408 121 48
408 379 37
408 389 32
408 492 20
408 641 14
408 767 48
408 941 11
409 93 23
409 200 39
409 999 6
410 139 48
410 236 24
410 290 15
410 487 27
411 73 23
411 342 9
411 379 6
411 382 3
411 453 15
411 704 6
411 811 36
412 241 22
412 295 14
412 311 30
412 319 12
412 528 12
412 708 46
412 981 27
413 115 27
413 172 36
413 176 26
413 527 35
413 697 23
413 739 17
413 774 45
413 804 27
413 927 33
413 997 36
413 998 20
414 189 46
414 251 10
414 356 9
414 533 13
414 566 13
414 822 15
414 914 10
414 923 20
414 924 37
414 944 48
415 306 29
415 361 1
415 410 35
415 529 33
415 543 1
416 503 28
416 719 14
417 302 33
417 305 39
417 383 10
417 466 18
417 819 3
417 921 46
418 81 37
418 263 33
418 315 48
418 433 9
418 776 49
418 787 28
419 400 42
419 435 15
419 520 25
419 906 6
420 503 3
420 667 6
421 445 5
421 474 40
421 668 5
421 759 21
421 842 11
422 74 6
422 214 16
422 295 5
422 357 47
422 588 45
422 699 46
422 726 34
422 952 25
423 230 27
423 307 32
423 458 30
423 677 42
423 863 3
423 891 34
424 274 47
424 730 29
425 336 30
425 391 31
425 483 28
426 188 22
426 478 9
426 818 32
427 121 43
427 154 24
427 367 39
427 579 1
427 585 6
427 589 13
427 751 48
428 166 14
428 534 20
428 716 11
428 869 28
428 906 34
428 924 39
428 971 26
429 83 15
429 101 5
429 170 4
429 197 37
429 299 38
429 589 13
429 635 26
429 684 20
429 686 22
429 744 19
429 889 37
429 967 32
430 473 8
430 681 31
430 698 28
430 716 45
430 915 46
431 11 25
431 31 23
431 69 43
431 459 11
431 499 9
431 591 27
431 868 21
431 903 49
431 926 8
432 195 27
432 629 22
433 56 21
433 463 21
433 513 24
433 563 13
433 993 42
434 138 39
434 721 37
434 753 42
434 774 7
434 935 44
435 80 49
435 277 43
435 301 28
435 340 19
435 974 25
436 70 38
436 174 34
436 175 35
436 291 12
436 402 27
436 478 6
436 547 1
436 671 24
436 730 33
436 737 37
437 294 46
437 775 25
438 64 7
438 848 2
438 946 38
439 156 3
439 597 18
439 652 22
439 896 33
440 927 10
440 937 36
440 968 47
440 987 37
441 245 11
441 427 49
441 641 14
441 826 11
442 981 43
443 958 17
444 124 24
444 166 48
444 353 28
444 520 37
444 620 14
444 794 46
445 173 6
445 201 5
445 432 26
445 443 13
445 671 12
445 874 42
446 142 4
446 650 34
446 742 12
446 772 4
446 843 39
446 868 24
446 971 34
447 303 43
447 833 48
447 916 37
447 939 42
447 942 16
448 51 11
448 105 41
448 310 41
448 434 1
448 478 11
448 534 12
448 728 36
448 917 19
448 976 49
449 477 8
449 817 21
449 985 48
450 156 26
450 445 6
450 509 19
450 521 32
450 653 30
450 773 8
451 136 42
451 459 9
451 510 10
451 697 7
452 815 29
452 980 19
453 294 31
453 455 4
453 558 12
453 792 17
453 812 31
453 948 41
453 960 5
454 306 30
454 513 5
454 695 42
454 770 31
454 798 49
454 898 1
454 908 30
455 315 43
455 407 32
455 459 13
455 542 40
455 606 6
455 654 48
455 785 7
455 801 38
456 264 7
456 361 28
456 368 40
456 461 43
456 523 8
456 805 34
457 237 19
458 83 41
458 272 28
458 374 43
458 514 4
458 524 16
458 609 25
458 826 35
459 239 9
459 568 5
459 822 31
460 53 38
460 346 41
460 611 3
460 820 7
460 826 43
461 90 22
461 137 34
461 443 44
461 612 20
461 665 47
461 795 41
462 555 29
462 685 14
462 966 46
463 0 30
463 399 48
463 480 5
463 675 5
463 740 38
464 58 39
464 140 41
464 147 28
464 244 29
464 649 45
465 97 45
465 269 6
465 351 45
465 595 3
465 766 23
465 787 18
465 952 3
466 4 49
466 33 43
466 191 41
466 330 42
466 338 14
466 412 23
466 423 23
466 659 40
466 852 39
466 905 17
467 38 49
467 56 30
467 245 28
467 393 18
467 409 14
467 415 43
467 479 10
467 510 20
467 686 3
467 782 20
468 243 21
468 530 6
468 850 1
468 970 27
469 168 6
469 295 23
469 663 7
470 83 25
470 90 8
470 107 5
470 119 37
470 380 24
470 444 46
470 718 39
471 235 27
471 259 46
471 690 38
472 308 27
472 316 2
472 478 27
472 831 14
472 963 16
473 402 1
473 416 5
473 438 4
473 718 48
473 872 2
474 67 2
474 134 30
474 281 34
474 358 46
474 392 27
474 734 3
474 814 20
475 32 2
475 479 12
475 674 32
475 799 19
475 984 19
476 209 23
476 687 16
476 720 37
476 780 40
476 925 45
476 965 2
477 296 24
477 474 48
478 161 32
478 166 37
478 425 25
478 559 39
479 181 35
479 279 30
479 317 15
479 809 30
479 895 20
479 996 6
480 115 45
480 601 19
480 679 36
480 758 41
481 412 7
481 579 14
482 47 2
482 302 10
482 524 21
482 728 17
483 108 2
483 155 5
483 499 35
483 660 47
483 788 5
483 981 41
484 42 19
484 318 26
484 733 17
484 798 35
485 275 36
485 446 43
485 620 49
485 726 17
486 262 3
486 543 35
486 778 26
487 51 4
487 117 46
487 459 45
487 608 23
487 731 28
487 860 40
488 387 32
489 168 30
489 277 17
490 338 15
490 483 33
490 543 31
490 559 21
490 921 21
491 318 14
491 348 9
491 430 15
491 523 11
491 644 27
491 937 8
492 183 12
492 227 19
492 716 9
493 160 14
493 340 38
493 393 45
493 469 3
493 658 47
493 688 19
493 805 17
493 851 14
493 922 8
494 50 18
494 463 27
494 851 3
494 951 22
494 987 6
495 420 33
495 650 29
495 882 3
496 600 20
496 654 29
496 658 3
496 730 23
496 768 6
497 489 2
498 389 24
498 502 22
498 865 23
498 881 41
499 402 39
499 737 8
500 59 38
500 227 20
500 235 27
500 344 31
500 804 12
500 868 49
501 69 16
501 596 32
501 603 23
501 699 1
501 950 4
502 57 2
502 78 48
502 345 46
502 998 9
503 5 16
503 55 2
503 100 5
503 113 46
503 149 49
503 310 12
503 453 9
503 497 49
503 837 41
503 868 40
504 71 31
504 182 21
504 478 42
504 905 26
505 56 43
505 238 44
505 844 5
505 996 47
506 4 36
506 881 40
507 39 40
507 844 37
508 255 16
508 422 4
508 687 47
508 733 1
508 734 6
508 750 39
508 760 19
508 886 3
508 989 27
509 215 26
509 288 22
509 379 36
509 551 23
509 620 39
509 918 39
509 938 4
510 329 34
510 393 25
510 410 36
510 513 21
510 752 9
510 994 9
511 197 31
511 315 38
511 323 47
511 547 30
511 705 13
512 69 37
512 161 9
512 169 29
512 480 17
512 819 25
512 953 20
513 65 8
513 70 37
513 303 30
513 383 33
513 541 1
513 650 19
513 673 4
514 11 41
514 15 34
514 110 4
514 207 4
514 576 25
514 590 18
514 681 21
515 302 37
515 523 11
515 826 6
515 864 31
516 88 39
516 531 38
516 585 35
516 599 26
516 642 21
516 789 44
516 823 9
517 131 23
517 380 44
517 502 30
517 804 13
518 108 47
518 129 36
518 296 44
518 357 9
518 434 18
518 516 15
518 564 26
518 592 3
518 613 13
519 174 47
519 273 2
519 597 38
519 634 21
519 657 4
520 73 1
520 186 12
520 354 7
520 356 5
520 460 6
520 484 42
520 626 12
520 693 43
521 14 44
521 587 45
521 616 4
521 648 25
521 799 3
521 814 17
522 648 5
522 772 31
522 865 47
522 934 47
523 464 30
523 590 33
523 766 34
523 872 18
523 978 4
524 186 12
524 273 12
524 563 40
524 872 40
524 940 41
525 185 29
525 299 18
525 546 32
525 657 31
525 677 21
525 744 18
525 756 14
525 915 4
526 32 17
526 94 13
526 110 33
526 204 24
526 219 12
526 485 4
526 491 29
526 985 28
527 445 38
527 594 19
527 702 29
528 427 9
528 569 27
528 659 3
528 744 8
529 38 32
529 51 4
529 73 15
529 425 43
529 788 17
529 890 19
530 17 33
530 264 43
530 459 16
530 474 26
531 63 3
531 280 25
531 347 26
531 459 43
531 461 46
531 556 24
531 764 16
531 802 22
532 101 23
532 805 7
532 837 16
533 90 15
533 231 40
533 715 41
533 874 34
533 991 20
534 61 7
534 85 40
534 391 1
534 407 3
534 410 39
534 577 12
534 859 22
534 896 31
535 4 19
535 196 25
535 222 28
535 655 5
535 713 6
535 744 18
536 83 1
536 540 12
536 567 48
536 643 2
536 677 25
536 903 18
537 257 2
537 719 9
537 926 15
538 118 47
538 223 22
538 433 33
538 479 37
538 778 22
539 69 37
539 94 48
539 132 21
539 256 33
539 381 15
539 634 18
539 776 35
540 139 45
540 897 31
540 936 44
541 18 23
541 230 33
541 236 15
541 376 37
542 83 22
542 278 40
542 383 41
542 658 7
542 905 15
543 27 34
543 989 37
544 193 39
544 344 7
544 563 4
544 603 42
544 608 45
544 720 4
544 930 17
544 966 40
545 176 41
545 323 12
545 640 5
545 711 35
545 740 32
545 762 42
546 80 24
546 118 11
546 413 38
546 454 31
546 596 24
546 705 29
547 162 22
547 245 45
547 577 42
547 623 5
548 63 12
548 221 24
548 296 9
548 469 13
549 36 15
549 373 43
549 426 30
549 496 31
549 837 26
549 847 15
550 37 11
550 358 8
550 779 43
550 963 2
551 26 25
551 81 27
551 370 26
551 392 13
551 630 34
551 678 13
551 811 35
552 153 44
552 444 36
552 454 23
552 749 43
553 212 44
553 271 31
553 792 23
553 844 5
554 432 25
554 506 27
554 665 40
554 739 26
554 763 31
554 961 13
555 384 32
555 441 49
555 487 11
555 804 19
555 879 35
555 880 28
555 963 7
556 33 43
556 195 49
556 564 35
556 639 8
556 674 25
556 690 34
557 103 8
557 248 18
557 417 30
557 684 39
557 979 26
558 34 47
558 290 46
558 387 5
558 400 29
558 538 2
558 745 30
558 871 6
559 46 39
559 111 15
559 164 23
559 193 19
559 638 40
559 749 48
559 803 10
559 818 30
560 60 7
560 174 5
560 282 33
560 343 27
560 380 47
560 635 38
560 684 26
560 742 31
560 767 27
560 846 12
561 33 18
561 62 4
561 291 7
561 499 22
561 885 22
562 49 11
562 528 42
562 980 41
563 89 42
563 382 48
563 710 48
563 875 19
564 141 11
564 234 37
564 268 39
564 397 35
564 668 46
565 158 45
565 179 1
565 233 2
565 285 47
565 756 8
565 824 44
565 834 43
565 852 30
566 23 27
566 241 30
566 248 26
566 328 18
566 392 47
567 349 47
567 394 17
567 544 26
568 186 34
568 211 25
568 357 31
568 364 33
568 433 33
568 464 7
568 649 16
568 755 11
568 829 12
568 927 43
568 974 2
569 135 27
569 259 1
569 371 16
569 688 5
569 792 5
570 179 10
570 414 47
570 437 15
570 523 31
570 820 29
570 835 25
571 146 20
571 431 20
572 516 16
572 576 8
572 939 37
572 966 4
573 168 24
573 189 29
573 413 12
573 618 6
573 619 26
574 252 13
574 482 11
574 621 32
574 925 39
575 829 27
575 939 20
575 976 6
576 236 33
576 293 14
576 374 19
576 962 14
577 43 30
577 239 7
577 772 8
577 937 46
578 548 2
578 629 33
578 823 42
578 904 14
578 990 30
579 111 43
579 590 15
579 773 43
579 846 8
579 963 42
579 977 44
580 283 9
580 429 34
580 593 15
581 45 49
581 167 38
581 229 36
581 595 3
581 675 32
581 681 24
581 860 16
582 129 23
582 176 43
582 185 9
582 322 20
582 999 44
583 338 22
583 455 16
584 26 35
584 97 9
584 725 37
584 793 8
584 801 16
584 895 38
585 117 15
585 138 49
585 528 12
585 633 36
585 720 5
585 957 42
586 215 5
586 252 49
586 287 15
586 543 1
586 548 22
586 618 42
586 635 5
586 653 15
587 55 47
587 103 25
587 386 41
587 433 4
587 442 30
587 543 46
587 675 23
587 679 26
587 882 26
587 998 14
588 236 28
588 524 33
588 709 19
589 74 4
589 368 16
589 472 32
589 537 3
590 94 33
590 237 4
590 270 16
590 280 30
590 661 20
590 786 8
590 795 36
591 56 7
591 713 35
591 832 14
592 5 17
592 245 34
592 315 46
592 558 2
592 617 13
593 182 30
593 476 23
593 605 44
593 634 30
593 654 2
593 740 7
593 779 35
593 815 46
593 839 10
594 161 36
594 179 7
594 269 33
594 500 10
594 599 8
594 770 41
594 813 48
594 856 14
595 405 20
595 574 39
595 684 13
595 968 32
596 259 24
596 399 15
596 537 4
596 822 14
597 261 49
597 272 22
597 318 35
597 403 45
597 825 20
598 21 10
598 510 12
598 515 4
599 73 10
599 255 12
599 274 42
599 291 23
599 588 24
599 738 38
599 781 40
599 896 9
599 957 39
600 664 7
600 893 3
600 960 20
601 215 17
601 228 4
601 277 20
601 320 42
601 583 32
601 872 6
602 47 46
602 52 12
602 157 35
602 238 30
602 242 17
602 533 38
602 680 20
603 205 34
603 307 12
603 714 18
603 722 9
603 835 21
604 271 46
604 377 25
604 475 2
604 564 47
604 635 27
604 644 21
604 789 9
604 842 1
605 56 11
605 119 16
605 184 32
605 198 31
605 241 29
605 591 24
605 616 33
605 642 20
605 662 27
605 953 27
606 34 10
606 54 5
606 86 17
606 124 7
606 314 31
606 670 7
606 789 36
606 949 45
607 12 16
607 502 12
607 900 9
608 32 19
608 154 42
608 206 27
608 382 28
608 472 38
608 584 24
608 594 5
608 841 17
609 134 40
609 154 17
609 286 46
609 563 19
609 580 2
609 830 43
610 438 42
610 484 33
610 983 44
611 130 4
611 169 46
611 633 42
611 668 30
611 678 10
611 708 41
611 944 4
612 462 10
612 466 22
612 745 45
612 765 33
613 361 7
613 423 19
613 494 46
613 571 11
613 660 7
613 666 23
613 879 8
613 899 16
613 905 25
613 914 41
614 34 14
614 286 41
614 532 42
614 795 48
614 803 46
614 855 29
615 76 18
615 163 11
615 423 13
615 657 42
616 29 39
616 186 6
616 238 14
616 717 9
617 694 1
617 799 42
618 512 8
619 188 21
619 676 21
619 739 45
619 833 24
619 954 18
620 79 37
620 422 2
620 590 7
620 924 47
621 167 35
621 184 14
621 245 20
621 329 27
621 448 36
621 484 16
621 698 42
621 735 45
621 763 21
622 182 13
622 206 15
622 334 14
622 361 44
622 385 13
622 494 16
622 916 21
623 457 16
623 539 36
623 889 31
625 172 39
625 236 22
625 382 29
625 467 14
626 227 31
626 673 22
626 708 2
627 121 29
627 465 47
627 476 20
627 628 38
628 173 23
628 289 6
628 522 29
629 99 8
629 341 11
629 361 18
630 562 24
630 567 1
630 866 36
631 217 7
631 542 48
631 938 38
632 439 11
633 28 33
633 709 48
633 723 44
633 939 34
634 132 10
634 315 29
634 423 37
634 605 4
634 737 22
634 988 38
635 116 4
635 133 20
635 144 6
635 166 8
635 178 43
635 666 32
635 673 36
635 825 21
636 642 31
637 330 1
637 513 4
637 525 24
637 836 32
637 892 8
637 912 25
638 396 46
638 496 11
638 684 24
639 463 32
639 838 34
640 4 11
640 127 13
640 225 20
640 321 35
640 576 41
640 851 28
641 83 3
641 183 4
641 242 6
641 266 31
641 844 30
641 965 38
642 295 1
642 330 7
642 418 42
642 422 3
643 42 18
643 334 14
643 743 47
643 815 1
643 930 39
644 139 10
644 186 9
644 455 48
644 807 17
645 69 7
645 159 45
645 554 42
645 625 28
645 649 19
645 685 30
646 62 44
646 93 34
646 127 24
646 131 42
646 345 45
646 346 1
646 364 3
646 517 2
646 588 18
646 653 18
646 846 1
647 500 28
648 315 27
648 668 3
648 698 43
648 992 47
649 14 46
649 47 33
649 220 26
649 508 22
649 631 34
650 132 41
650 373 44
650 760 21
650 778 41
650 820 39
650 876 35
651 365 1
651 720 22
651 755 35
651 987 9
652 319 6
652 332 43
652 400 5
652 850 40
652 953 1
653 174 13
654 189 49
654 383 35
654 472 30
654 812 20
654 994 14
654 998 48
655 292 28
655 424 9
655 784 12
655 821 5
655 942 14
656 670 13
656 760 47
656 902 26
656 987 40
657 361 34
657 519 4
657 589 4
657 590 1
657 612 22
657 620 2
657 625 27
658 23 35
658 121 37
658 365 19
658 373 28
658 617 24
658 690 36
659 616 47
659 735 28
659 977 15
660 48 49
660 57 6
660 151 6
660 326 32
660 350 30
660 356 33
660 397 36
660 573 14
660 736 22
660 836 4
660 932 11
661 128 28
661 217 36
661 485 33
661 501 35
661 553 14
661 599 8
661 984 42
662 336 41
662 340 34
662 443 29
662 735 18
662 808 33
663 26 10
663 582 15
664 116 40
664 315 2
664 561 13
665 37 2
665 83 9
665 207 32
665 323 25
665 995 13
666 719 18
666 831 35
667 116 42
667 286 45
667 437 25
668 101 20
668 113 32
668 282 30
668 398 4
668 500 26
668 626 42
668 677 42
668 790 47
668 841 37
668 897 47
668 955 4
668 970 34
669 119 24
669 508 14
669 640 8
669 689 11
669 986 24
670 43 15
670 128 28
670 317 39
670 642 46
670 944 32
671 468 48
671 542 25
671 690 43
672 1 9
672 37 36
672 142 19
672 145 24
672 470 22
672 483 26
672 719 30
673 563 30
673 632 36
673 805 24
674 406 16
674 744 24
674 878 8
674 893 9
675 255 17
675 375 21
675 516 29
676 8 40
676 49 12
676 89 46
676 106 7
676 125 39
676 246 5
676 392 49
676 887 25
676 917 11
677 125 16
677 128 30
677 223 49
677 484 3
677 509 21
677 965 3
678 99 40
678 207 34
678 208 6
678 222 32
678 255 29
678 320 39
678 415 30
678 447 5
678 919 3
679 39 29
679 524 16
680 190 20
680 269 24
680 684 44
680 783 33
680 863 24
681 95 14
681 337 26
681 695 38
681 923 9
682 244 30
682 280 45
682 572 29
682 632 37
682 680 5
683 61 32
683 194 14
683 326 48
683 693 36
684 231 1
684 296 27
684 899 35
684 970 16
685 246 22
685 512 2
685 537 32
685 758 19
685 862 43
685 970 3
686 429 22
686 481 7
686 541 47
686 975 43
686 979 2
687 55 1
687 475 29
687 526 31
687 790 5
688 105 26
688 226 5
688 272 48
688 735 37
688 744 33
688 979 32
689 830 28
689 888 29
689 948 9
690 230 33
690 341 5
690 363 17
690 627 19
690 687 15
690 837 32
691 26 35
691 155 8
691 337 21
691 368 25
691 375 21
691 562 39
691 622 48
691 773 17
691 900 28
692 566 23
692 723 45
692 928 17
693 110 14
693 288 31
693 594 35
693 660 40
693 794 6
693 936 4
693 959 16
694 26 33
694 208 44
694 290 29
694 565 49
694 718 18
694 809 40
694 908 40
695 391 28
695 568 35
696 101 4
696 383 9
696 576 16
697 143 1
697 335 3
697 716 10
698 201 22
698 246 15
698 732 8
698 886 1
698 914 43
698 950 22
699 70 19
699 156 11
700 556 43
701 219 6
701 258 23
701 276 15
701 722 7
701 840 2
701 956 13
702 51 36
702 410 37
702 448 42
702 635 8
702 736 33
703 476 3
703 828 4
704 262 7
704 671 25
704 978 11
705 685 1
705 806 2
706 92 20
706 200 22
706 434 19
706 713 34
706 758 7
706 813 19
707 68 49
707 462 43
707 684 12
707 827 15
707 979 14
708 122 15
708 400 20
708 450 4
708 871 34
708 873 14
708 955 19
709 172 10
709 237 24
709 821 42
709 949 11
710 238 10
710 239 13
710 313 48
710 468 14
710 504 4
710 803 32
710 858 5
711 395 8
711 404 37
711 518 4
712 234 1
712 335 15
712 343 28
712 411 46
712 855 19
712 959 8
713 276 32
713 342 9
713 344 27
713 425 28
713 627 1
713 646 39
713 798 26
714 64 26
714 121 36
715 61 8
715 169 38
715 367 30
715 607 33
715 894 49
715 941 34
716 502 3
716 897 26
716 933 28
717 80 38
717 261 2
717 539 20
717 620 38
717 726 9
717 986 34
718 148 44
718 181 28
718 696 41
718 777 48
719 340 36
719 483 43
719 491 28
719 648 13
719 654 9
719 693 20
719 720 38
719 774 42
720 205 32
720 302 31
720 303 44
720 410 31
720 469 18
720 578 41
720 591 2
720 759 48
721 194 39
721 258 47
721 318 47
722 151 36
722 254 33
722 445 41
722 663 11
722 921 49
723 40 30
723 64 3
723 391 8
723 600 3
724 447 13
724 813 26
725 122 40
725 295 12
725 341 20
725 434 3
725 471 42
725 760 8
725 885 28
726 92 25
726 227 18
726 618 35
726 733 16
727 0 15
727 77 35
727 236 6
727 302 7
727 353 30
727 360 21
727 746 19
728 32 18
728 220 24
728 256 45
728 469 32
728 560 27
728 772 16
728 906 10
728 963 12
728 980 2
729 203 11
729 231 18
729 341 19
729 541 23
729 563 38
729 706 31
729 749 38
729 812 49
729 877 1
730 449 17
730 470 42
730 608 38
731 192 8
731 270 1
731 456 29
732 407 3
732 743 30
732 973 22
733 34 48
733 534 3
733 629 38
733 707 13
733 715 10
734 40 23
734 144 17
734 327 3
735 7 21
735 245 2
735 625 36
735 684 2
735 722 36
735 907 48
736 515 12
736 914 45
736 937 34
736 952 15
737 272 12
737 387 1
737 513 31
737 784 32
738 277 43
738 533 45
738 540 32
738 570 44
739 46 18
739 338 6
739 770 38
739 866 18
740 40 29
740 368 6
740 471 19
740 490 4
741 297 42
741 467 32
741 539 3
741 562 46
741 574 6
741 616 25
742 90 19
742 643 9
742 741 23
743 178 5
743 220 28
743 239 41
743 258 40
743 482 29
743 490 8
743 535 3
743 573 31
743 758 9
743 768 2
743 921 46
744 242 41
744 318 13
744 549 7
744 749 43
744 906 7
744 996 14
745 55 2
745 155 17
745 408 49
746 293 22
746 437 42
746 512 47
746 593 18
747 233 25
747 323 48
747 383 4
747 592 44
748 148 49
748 412 31
748 902 37
749 165 19
749 613 15
749 624 6
749 712 45
749 768 4
749 980 32
750 155 34
750 184 32
750 195 22
750 256 11
750 450 37
750 495 1
750 538 33
750 863 13
750 883 47
750 994 29
750 997 44
751 241 33
751 501 19
751 611 37
751 626 42
752 172 15
752 196 20
752 230 4
752 235 34
752 658 12
752 773 6
753 89 25
753 216 40
753 561 40
753 651 38
753 743 37
753 919 32
753 947 44
753 986 39
754 89 26
754 148 9
754 234 39
754 278 13
754 330 15
754 425 10
754 553 16
754 627 20
754 685 19
754 849 34
755 119 32
755 381 43
755 415 37
755 489 38
755 609 20
755 629 42
756 43 29
756 57 43
756 326 28
756 817 5
757 439 7
757 707 32
757 795 25
758 14 1
758 66 19
758 407 29
758 458 18
758 538 39
758 920 17
758 967 15
759 117 1
759 191 21
759 273 4
759 726 36
759 771 7
759 815 30
759 925 38
760 82 29
760 208 16
760 340 36
760 372 18
760 691 44
760 789 8
761 460 48
761 521 27
761 525 27
761 811 28
761 952 8
761 976 30
762 776 47
762 815 45
762 982 19
763 37 33
763 90 34
763 420 22
763 723 32
763 854 35
763 862 26
764 171 48
764 380 39
764 421 2
764 450 41
764 497 23
764 580 19
764 973 30
765 230 23
765 509 30
766 33 27
766 262 4
766 480 1
766 553 25
766 573 5
766 730 7
766 738 22
766 862 17
766 941 49
767 150 15
767 561 33
767 563 15
767 662 2
767 871 13
768 168 46
768 258 25
768 487 38
768 490 49
768 708 8
768 723 14
768 751 26
769 216 39
769 330 11
769 424 36
769 853 18
769 854 22
770 681 13
770 702 18
770 928 40
771 230 7
771 335 28
771 445 10
771 659 25
771 668 32
771 745 11
771 863 18
772 185 32
772 210 41
772 242 21
772 317 4
772 362 20
772 441 1
772 535 49
772 717 12
772 998 23
773 36 18
773 74 18
773 480 2
773 497 17
773 524 34
773 629 21
773 766 4
773 776 42
773 885 1
774 81 42
774 168 40
774 190 28
774 259 6
774 429 36
774 538 31
774 863 21
774 882 28
775 97 19
775 352 3
775 682 11
775 874 34
775 933 25
776 133 36
776 239 24
776 800 29
776 819 43
777 10 46
777 50 25
777 602 15
777 625 1
777 896 10
778 29 18
778 52 7
778 375 49
778 587 44
778 688 10
778 749 42
778 826 28
778 828 45
778 939 12
779 127 41
779 196 47
779 216 30
779 534 7
779 822 10
779 870 8
779 957 34
780 313 38
780 593 9
780 605 2
780 829 45
781 72 20
781 110 44
781 862 28
782 159 23
782 359 41
782 414 10
782 449 24
782 554 3
782 682 35
782 859 33
782 964 17
783 454 49
783 619 12
783 635 20
783 678 15
783 697 3
783 796 32
784 280 27
784 472 20
784 775 12
784 802 32
785 74 33
785 416 24
787 81 12
787 92 16
787 251 27
787 378 48
788 166 38
788 238 2
788 269 30
788 582 9
789 197 25
789 304 42
789 338 9
789 770 2
790 78 4
790 509 10
790 583 21
790 597 48
790 837 37
790 846 26
790 916 35
790 995 28
791 137 29
791 399 46
791 632 44
791 658 42
791 878 4
792 111 36
792 244 7
793 32 40
793 268 24
793 369 14
793 413 45
793 761 38
793 971 12
794 306 42
794 355 38
794 415 40
795 46 1
795 298 5
795 340 1
795 876 30
795 911 9
796 227 34
796 486 27
796 492 36
796 662 8
796 666 36
796 755 33
797 383 36
797 396 26
797 426 30
797 469 6
797 771 19
797 853 14
797 888 18
798 503 47
799 296 31
799 458 38
799 499 25
799 586 16
799 632 28
799 974 2
800 228 5
800 304 5
800 455 2
800 691 42
801 344 30
801 631 36
801 683 36
801 845 35
802 241 32
802 545 5
802 573 27
802 860 41
802 916 36
803 106 23
803 193 49
803 196 4
803 330 17
803 360 38
803 697 33
803 776 46
803 847 42
804 89 42
804 282 2
804 538 30
804 790 11
804 793 37
805 171 41
805 368 15
805 386 17
805 418 13
805 431 26
805 584 8
805 693 13
805 894 48
805 972 1
805 975 46
806 400 37
806 490 44
806 949 5
807 234 26
807 439 29
807 498 40
807 831 36
807 894 15
807 927 40
808 572 14
808 606 33
808 691 6
809 100 46
809 334 13
809 879 4
810 61 11
810 524 25
810 974 4
810 987 22
811 406 19
811 490 14
812 38 45
812 51 20
812 126 7
812 173 31
812 288 4
812 536 37
812 997 20
813 409 41
813 552 45
813 583 13
813 776 23
813 805 8
813 828 11
814 202 29
814 216 45
814 254 22
814 920 10
814 928 18
815 390 42
815 508 7
815 592 22
816 242 22
816 318 17
816 411 26
816 422 4
816 765 46
816 777 31
816 849 17
816 985 9
817 24 13
817 194 49
817 217 19
817 438 20
817 620 30
818 22 43
818 39 26
818 419 46
818 423 10
818 501 30
818 520 33
818 525 8
818 563 2
818 758 20
819 356 15
819 431 35
819 613 20
820 253 18
820 676 46
820 797 33
821 239 44
821 283 3
821 336 22
821 375 39
821 910 29
822 308 19
822 492 49
822 530 36
822 656 10
823 81 16
823 126 46
823 199 19
823 212 40
823 321 6
823 508 35
823 658 17
823 740 1
824 151 42
824 279 19
824 523 2
824 675 11
824 793 4
825 315 48
825 322 38
825 533 33
825 623 41
825 705 27
825 795 42
825 923 16
825 957 22
826 1 17
826 26 13
826 71 17
826 551 24
826 797 29
826 877 19
826 916 24
826 938 14
827 8 26
827 58 39
827 401 11
828 229 1
828 270 35
828 295 24
828 605 35
828 622 36
828 654 26
828 823 18
829 60 16
829 238 10
829 348 42
829 367 7
829 385 36
829 450 1
829 593 15
829 623 22
829 821 41
830 78 19
830 161 39
830 301 45
830 328 35
830 760 14
830 903 25
831 3 21
831 481 4
831 646 19
831 677 45
832 143 22
832 352 9
832 415 48
832 765 31
833 209 3
833 443 18
833 467 33
833 569 22
833 900 6
834 201 9
834 362 7
834 407 9
834 648 18
835 37 17
835 296 31
835 307 10
835 579 45
835 637 11
835 741 9
836 71 48
836 392 8
836 821 36
836 839 2
836 907 13
837 233 39
837 552 4
837 644 47
837 973 49
838 5 9
838 29 31
838 389 27
838 403 24
838 460 24
838 826 14
838 851 6
839 69 27
839 100 22
839 414 4
839 639 48
840 58 5
840 268 19
840 286 46
840 377 42
840 654 17
840 693 3
840 702 16
840 733 33
840 829 23
840 857 48
840 926 48
840 960 29
841 107 16
841 168 31
841 276 41
841 761 29
842 304 22
842 338 13
842 533 14
843 428 17
844 7 39
844 150 34
844 298 15
844 411 28
844 457 21
844 513 34
845 175 24
845 514 47
845 669 8
845 990 2
846 28 43
846 444 27
846 660 26
846 931 14
847 62 46
847 543 17
848 60 28
848 136 29
848 241 24
848 275 45
848 827 22
849 315 20
849 513 27
849 750 46
849 831 44
849 832 27
849 956 32
850 184 2
850 195 41
850 345 13
851 209 47
851 346 38
851 351 13
851 990 9
852 13 43
852 750 33
852 860 14
854 0 12
854 76 24
854 205 32
854 575 2
854 754 44
855 72 42
855 193 17
855 236 15
855 371 17
855 642 41
856 196 40
856 461 6
856 491 48
856 504 16
856 533 12
857 12 39
857 159 34
857 798 32
858 135 1
858 150 18
858 152 36
858 238 26
858 537 15
858 716 43
859 199 12
859 236 27
859 284 13
859 418 2
859 694 45
859 742 13
859 786 41
859 808 24
860 94 6
860 221 48
860 226 49
860 266 19
860 363 39
860 483 40
860 585 33
861 389 14
861 461 2
861 492 32
861 527 44
861 633 47
861 679 15
862 15 33
862 302 13
862 401 38
862 476 10
862 585 26
862 668 39
862 701 12
863 55 25
863 620 31
863 803 37
863 806 26
864 69 37
864 211 29
864 231 18
864 563 38
864 729 13
864 975 21
865 255 16
865 323 23
865 361 21
865 393 13
866 42 14
866 163 36
866 521 21
866 735 1
867 584 1
867 905 15
867 994 13
868 238 35
869 448 27
869 781 19
869 892 25
870 594 20
871 490 16
871 523 33
871 612 45
871 721 44
871 858 26
871 963 11
872 48 14
872 345 17
872 580 29
872 697 33
872 763 17
872 958 26
873 26 36
873 68 21
873 91 21
873 94 46
873 193 36
873 313 9
873 726 43
874 126 36
874 396 4
874 435 37
874 554 30
874 653 17
874 739 33
875 596 39
875 731 1
875 787 38
875 974 8
876 51 40
876 319 31
876 423 15
876 763 31
876 879 20
876 900 29
877 25 2
877 89 17
877 261 37
877 386 39
877 670 23
877 834 15
877 870 49
878 298 33
878 308 16
878 361 40
878 412 48
878 507 17
878 536 14
878 860 28
878 955 13
879 89 39
879 204 24
879 458 13
879 525 30
879 753 25
880 74 33
880 389 29
880 446 36
880 560 33
880 635 41
881 37 33
881 463 41
881 587 16
881 847 49
882 507 43
882 733 22
882 891 25
883 289 37
883 341 18
883 898 30
884 148 26
884 151 17
884 206 36
884 437 16
884 514 11
884 860 21
885 983 20
886 27 41
886 290 30
886 950 25
887 681 10
888 116 26
888 222 20
888 392 40
888 465 9
888 568 26
888 641 42
889 65 29
889 106 48
889 199 38
889 323 14
889 549 26
889 751 19
889 788 42
889 844 19
890 302 38
890 607 40
890 759 36
890 763 30
890 777 35
890 787 13
890 839 6
891 38 48
891 155 19
891 282 7
891 378 31
891 677 27
891 814 47
891 972 20
892 962 28
893 400 4
893 620 49
893 621 20
893 784 39
893 857 43
894 914 35
894 990 18
895 1 18
895 565 26
895 641 18
896 466 5
896 589 1
896 801 47
896 828 45
897 5 32
897 67 28
897 84 32
897 199 24
897 276 23
897 358 23
897 777 22
898 243 15
898 373 13
898 497 37
898 499 28
898 861 47
898 885 27
899 120 24
899 456 43
899 710 15
899 722 44
899 955 4
900 45 24
900 75 43
900 458 24
900 499 10
900 839 11
900 859 4
900 913 25
900 953 22
901 252 27
901 287 46
901 355 32
901 359 35
901 936 34
902 219 32
902 772 47
903 322 40
903 587 12
903 693 1
903 814 9
903 961 37
904 62 33
904 228 7
904 355 21
904 500 7
904 510 16
904 864 3
904 906 40
904 941 40
905 385 33
905 647 33
905 718 4
905 775 4
905 790 20
905 933 24
905 997 21
906 299 12
906 391 48
906 402 37
906 471 48
906 476 42
906 542 10
906 717 34
907 75 23
907 216 31
908 76 19
908 119 26
908 280 30
908 603 27
908 669 20
908 674 44
908 683 28
908 939 10
909 162 11
909 576 31
910 19 33
910 47 11
910 63 39
910 287 3
910 469 6
910 690 23
910 737 33
910 979 38
911 66 44
911 249 19
911 267 10
911 331 36
911 336 10
911 374 33
911 420 1
911 438 14
911 455 12
911 796 21
912 46 5
912 73 46
912 370 29
912 455 6
912 579 1
912 698 31
912 848 27
912 863 27
912 884 1
913 136 21
913 378 34
913 520 32
913 536 15
913 612 30
913 863 39
914 82 5
914 86 24
914 475 17
914 790 48
914 803 40
914 988 20
915 478 25
915 495 18
915 507 8
915 657 27
915 691 46
916 358 46
916 432 49
916 703 18
916 989 9
917 102 18
917 104 4
917 170 45
917 468 19
917 559 19
918 241 5
918 403 49
918 685 31
918 805 49
919 63 19
919 221 46
919 288 11
919 548 23
919 922 48
919 977 25
920 42 26
920 51 9
920 98 17
920 231 21
920 408 38
920 504 37
920 596 9
921 196 22
921 324 38
921 331 40
921 398 31
921 448 42
921 586 7
921 612 36
921 733 41
921 876 3
922 104 45
922 107 6
922 135 22
922 849 40
922 890 7
923 213 8
923 289 31
923 680 8
923 754 4
923 943 25
924 547 35
924 562 39
925 66 39
925 327 32
925 527 26
925 538 48
925 592 19
925 768 24
925 865 42
925 895 2
926 257 10
926 271 20
926 454 19
926 495 3
926 516 40
926 579 17
926 831 20
926 867 46
927 305 1
927 586 49
927 861 5
927 973 2
928 200 25
929 566 42
929 635 20
929 706 27
929 722 15
929 833 46
929 878 40
929 916 11
930 167 9
930 171 16
930 317 42
930 336 5
930 664 23
930 799 17
931 68 9
931 184 24
931 695 38
932 237 28
932 572 11
932 732 2
933 13 38
933 45 6
933 202 19
933 305 49
933 483 21
933 696 19
933 787 7
933 886 31
933 948 18
934 250 42
934 271 29
934 376 32
934 605 17
934 814 8
935 119 48
935 145 7
935 155 3
935 233 11
935 284 23
935 408 4
935 551 7
935 585 45
935 747 12
936 251 34
936 574 35
936 575 24
936 945 49
937 33 3
937 315 8
937 412 18
938 363 8
938 699 47
938 888 7
938 930 6
938 984 18
938 986 21
938 993 10
938 996 24
939 105 41
939 137 27
939 175 30
939 304 32
939 455 23
939 485 22
939 916 32
940 278 21
940 283 18
940 634 15
940 769 16
940 810 2
940 874 49
941 96 19
941 723 45
941 795 29
941 796 27
942 304 14
942 685 25
943 394 19
943 774 49
943 944 20
944 231 22
944 555 23
944 748 42
944 920 8
945 25 17
945 591 33
945 636 46
945 832 18
945 866 40
946 135 41
946 372 25
946 377 12
946 500 14
947 236 18
947 637 15
948 450 5
948 487 16
948 830 41
949 308 36
949 637 6
949 911 46
949 925 5
950 468 17
950 637 42
951 30 46
951 282 6
951 390 30
951 505 7
951 835 46
952 348 16
952 405 6
952 667 46
952 867 6
953 181 34
953 312 34
953 365 32
953 808 17
954 255 45
954 677 26
954 926 17
955 100 6
955 123 42
955 580 8
956 222 16
956 336 24
956 375 40
957 106 46
957 479 40
957 549 36
957 874 17
958 10 20
958 147 17
958 650 46
958 672 11
958 823 45
959 148 20
959 286 29
959 412 24
959 497 24
959 514 27
959 552 42
959 716 37
959 972 4
960 177 20
960 344 5
960 693 29
960 820 6
960 853 20
961 408 19
961 470 28
962 14 9
962 309 45
962 370 11
962 449 3
962 486 49
962 545 5
962 563 37
962 599 48
962 720 13
962 830 25
962 957 8
963 141 11
963 235 36
963 630 1
963 648 4
963 669 33
963 827 48
963 875 32
963 901 17
964 264 16
965 20 33
965 97 7
965 197 43
965 367 41
965 803 4
965 932 5
965 999 35
966 46 20
966 336 19
966 482 25
966 627 16
966 649 23
966 806 15
967 128 28
967 424 12
967 482 43
967 810 41
967 855 41
967 860 14
967 864 41
967 970 1
968 57 23
968 86 31
968 370 18
968 401 21
968 639 27
968 727 39
968 852 42
969 17 33
969 186 37
969 267 38
969 788 18
969 994 1
970 77 27
970 276 2
970 296 30
970 438 19
970 467 13
970 532 45
970 602 36
970 884 48
971 184 39
971 206 30
971 338 29
971 488 27
971 495 18
971 616 49
971 907 6
972 117 10
972 128 35
972 184 35
972 185 32
972 220 8
972 224 22
972 588 43
972 611 24
972 632 23
972 653 18
972 914 32
973 160 17
973 188 8
973 365 19
973 396 46
973 992 47
974 171 25
974 452 29
974 604 15
974 646 24
974 730 38
974 886 11
974 964 49
975 113 45
975 191 29
975 517 31
975 550 6
975 661 38
976 122 3
976 218 39
976 387 24
976 619 6
976 682 11
977 283 43
977 361 9
977 534 14
977 641 25
977 713 31
977 735 22
977 769 9
977 980 33
978 717 21
978 779 39
979 104 28
979 137 23
979 233 7
979 583 28
979 628 12
979 762 24
979 918 23
980 654 44
980 682 30
980 712 27
980 932 29
981 500 44
981 609 40
981 655 37
981 767 3
981 892 23
982 720 24
982 777 17
983 117 48
983 558 20
983 894 6
984 60 31
984 61 34
984 487 26
984 578 45
985 550 27
985 658 21
985 702 32
985 867 23
985 924 39
986 73 20
986 76 28
986 337 16
986 490 19
987 63 23
987 350 46
987 357 25
987 513 13
987 631 36
987 815 2
987 829 48
988 698 7
988 811 14
988 855 11
989 98 27
989 521 37
989 643 49
989 668 28
989 686 2
989 858 35
989 870 35
989 893 45
989 907 22
990 142 33
991 644 33
991 888 24
992 284 27
992 657 16
993 18 14
993 30 26
993 193 49
993 479 15
993 592 10
994 89 17
994 513 25
994 656 30
994 703 27
994 905 7
995 52 10
995 110 4
995 150 41
995 425 36
995 506 30
995 533 14
995 566 11
996 25 29
996 143 24
996 174 12
996 405 37
996 586 2
996 824 18
997 15 18
997 486 16
998 159 1
998 227 9
998 368 14
998 865 29
998 963 27
999 26 8
999 274 1
999 356 26
999 914 41
