Excepted:
2 26 34 38 46 90 104 106 110 
20 30 31 36 56 80 95 102 
3 7 14 16 33 40 48 61 65 101 107 
4 6 11 41 53 73 75 82 85 99 103 108 
45 49 58 67 76 87 92 93 111 113 
37 43 81 83 91 
13 15 19 27 32 35 39 44 55 62 72 86 100 
1 5 10 17 24 42 94 105 
8 9 22 23 52 69 78 79 109 112 
18 21 28 57 63 66 71 77 88 96 97 114 
12 25 51 60 64 70 98 
29 47 50 54 59 68 74 84 89 115 


Communities set: 12
Generations: 500 (de la generatia 300 a stagnat)

================================================== 
Best chromosome: 
Representation: [7, 11, 1, 9, 7, 9, 1, 12, 12, 7, 9, 5, 8, 1, 8, 1, 7, 4, 3, 6, 4, 12, 12, 7, 5, 11, 8, 4, 5, 6, 6, 3, 1, 11, 3, 6, 2, 11, 8, 1, 9, 7, 8, 8, 5, 11, 10, 1, 5, 10, 5, 12, 9, 10, 3, 6, 4, 5, 2, 2, 1, 3, 4, 2, 1, 4, 5, 10, 12, 5, 4, 3, 9, 10, 9, 5, 4, 12, 12, 6, 6, 9, 6, 10, 9, 8, 5, 4, 10, 11, 5, 5, 5, 7, 6, 4, 4, 2, 9, 3, 1, 6, 9, 11, 7, 11, 1, 9, 12, 11, 10, 12, 5, 4, 10] 
Repartition: {1: 11, 2: 5, 3: 7, 4: 12, 5: 15, 6: 10, 7: 8, 8: 7, 9: 12, 10: 9, 11: 9, 12: 10} 
Fitness: 38.07806637806638 
 ==================================================
Communities:
[3, 7, 14, 16, 33, 40, 48, 61, 65, 101, 107]
[37, 59, 60, 64, 98]
[19, 32, 35, 55, 62, 72, 100]
[18, 21, 28, 57, 63, 66, 71, 77, 88, 96, 97, 114]
[12, 25, 29, 45, 49, 51, 58, 67, 70, 76, 87, 91, 92, 93, 113]
[20, 30, 31, 36, 56, 80, 81, 83, 95, 102]
[1, 5, 10, 17, 24, 42, 94, 105]
[13, 15, 27, 39, 43, 44, 86]
[4, 6, 11, 41, 53, 73, 75, 82, 85, 99, 103, 108]
[47, 50, 54, 68, 74, 84, 89, 111, 115]
[2, 26, 34, 38, 46, 90, 104, 106, 110]
[8, 9, 22, 23, 52, 69, 78, 79, 109, 112]
==================================================