Excepted:
1 5 7 8 19 29 47 49 52 70 77 104 105 
2 3 4 6 9 10 11 12 13 14 15 16 17 18 20 21 22 23 24 25 26 27 28 30 33 34 35 36 37 38 39 40 41 42 43 44 45 46 48 50 51 53 54 55 56 57 58 59 78 
31 32 60 61 62 63 64 65 66 67 68 69 71 72 73 74 75 76 79 80 81 82 83 84 85 86 87 88 89 90 91 92 93 94 95 96 97 98 99 100 101 102 103 

Communities: 3
Generations: 100
================================================== 
Best chromosome: 
Representation: [1, 1, 1, 3, 1, 1, 1, 1, 3, 3, 3, 3, 3, 3, 3, 3, 3, 3, 3, 3, 3, 3, 3, 3, 3, 3, 3, 3, 2, 1, 1, 1, 3, 3, 3, 3, 3, 3, 3, 3, 3, 3, 3, 3, 3, 3, 3, 3, 3, 1, 1, 1, 1, 3, 3, 3, 3, 3, 1, 2, 2, 2, 2, 2, 1, 1, 2, 1, 1, 1, 1, 1, 2, 2, 2, 1, 1, 1, 1, 2, 1, 2, 1, 1, 2, 1, 2, 2, 2, 2, 2, 2, 2, 2, 2, 2, 2, 2, 2, 2, 2, 2, 2, 1, 1] 
Repartition: {1: 32, 2: 30, 3: 43} 
Fitness: 16.223691860465117 
 ==================================================
Communities:
[1, 2, 3, 5, 6, 7, 8, 30, 31, 32, 50, 51, 52, 53, 59, 65, 66, 68, 69, 70, 71, 72, 76, 77, 78, 79, 81, 83, 84, 86, 104, 105]
[29, 60, 61, 62, 63, 64, 67, 73, 74, 75, 80, 82, 85, 87, 88, 89, 90, 91, 92, 93, 94, 95, 96, 97, 98, 99, 100, 101, 102, 103]
[4, 9, 10, 11, 12, 13, 14, 15, 16, 17, 18, 19, 20, 21, 22, 23, 24, 25, 26, 27, 28, 33, 34, 35, 36, 37, 38, 39, 40, 41, 42, 43, 44, 45, 46, 47, 48, 49, 54, 55, 56, 57, 58]
==================================================