Generatii: 250 (realistic a stagnat de la ~140)

================================================== 
Best chromosome: 
Representation: [4, 4, 4, 1, 4, 4, 2, 4, 4, 1, 4, 4, 1, 1, 1, 4, 2, 4, 4, 1, 2, 2, 4, 4, 1, 1, 4, 4, 1, 1, 1, 2, 1, 2, 1, 2, 1, 1, 2, 1, 1, 1, 2, 2, 1, 2, 1, 2, 2, 2, 1, 2, 2, 2, 1, 2, 1, 1, 1, 2, 4, 4, 4, 4, 4, 4, 4, 4, 4, 4, 4, 4, 4, 4, 4, 4, 4, 4, 4, 4, 4, 4, 4, 4, 4, 4, 4, 4, 4, 4, 3, 3, 3, 3, 3, 3, 3, 3, 3, 3, 3, 3, 3, 3, 3, 3, 3, 3, 3, 3, 3, 3, 3, 3, 3, 3, 3, 3, 3, 3] 
Repartition: {1: 25, 2: 19, 3: 30, 4: 46} 
Fitness: 14.238672768878718 
 ==================================================
Communities:
[4, 10, 13, 14, 15, 20, 25, 26, 29, 30, 31, 33, 35, 37, 38, 40, 41, 42, 45, 47, 51, 55, 57, 58, 59]
[7, 17, 21, 22, 32, 34, 36, 39, 43, 44, 46, 48, 49, 50, 52, 53, 54, 56, 60]
[91, 92, 93, 94, 95, 96, 97, 98, 99, 100, 101, 102, 103, 104, 105, 106, 107, 108, 109, 110, 111, 112, 113, 114, 115, 116, 117, 118, 119, 120]
[1, 2, 3, 5, 6, 8, 9, 11, 12, 16, 18, 19, 23, 24, 27, 28, 61, 62, 63, 64, 65, 66, 67, 68, 69, 70, 71, 72, 73, 74, 75, 76, 77, 78, 79, 80, 81, 82, 83, 84, 85, 86, 87, 88, 89, 90]
==================================================

Process finished with exit code 0
