200 7
201 6
202 1
203 4
204 2
205 6
206 7
207 1
208 9
209 2
210 5
211 5
212 8
213 10
214 9
215 9
216 8
217 7
218 1
219 6
220 7
221 7
222 1
223 2
224 9
225 9
226 5
227 5
228 6
229 6
230 4
231 3
232 2
233 5
234 8
235 3
236 9
237 2
238 4
239 5
240 10
241 3
242 2
243 6
244 4
245 2
246 5
247 8
248 4
249 3
250 3
251 10
252 7
253 7
254 10
255 5
256 1
257 2
258 4
259 10
260 9
261 7
262 9
263 5
264 1
265 6
266 7
267 6
268 9
269 5
270 6
271 1
272 4
273 5
274 5
275 10
276 2
277 10
278 7
279 10
280 2
281 3
282 10
283 5
284 8
285 6
286 4
287 7
288 5
289 4
290 6
291 3
292 7
293 8
294 7
295 10
296 1
297 1
298 4
299 4
200 7
201 6
202 5
203 2
204 8
205 6
206 7
207 10
208 3
209 8
210 8
211 1
212 6
213 2
214 7
215 6
216 8
217 8
218 6
219 6
220 6
221 4
222 10
223 8
224 9
225 2
226 7
227 1
228 3
229 5
230 3
231 1
232 2
233 9
234 8
235 1
236 4
237 1
238 4
239 2
240 1
241 9
242 1
243 2
244 9
245 5
246 1
247 5
248 1
249 9
250 9
251 5
252 9
253 8
254 10
255 3
256 7
257 4
258 3
259 2
260 1
261 6
262 5
263 9
264 1
265 10
266 4
267 7
268 5
269 7
270 6
271 5
272 1
273 7
274 8
275 8
276 4
277 10
278 10
279 10
280 1
281 3
282 6
283 1
284 1
285 2
286 10
287 9
288 2
289 1
290 8
291 1
292 8
293 8
294 10
295 3
296 10
297 5
298 9
299 2
200 5
201 9
202 7
203 1
204 6
205 3
206 10
207 2
208 9
209 4
210 3
211 2
212 4
213 7
214 3
215 7
216 8
217 3
218 5
219 3
220 1
221 9
222 4
223 2
224 6
225 6
226 6
227 4
228 9
229 7
230 10
231 5
232 3
233 9
234 5
235 4
236 8
237 4
238 6
239 2
240 6
241 8
242 4
243 6
244 7
245 3
246 8
247 8
248 7
249 1
250 5
251 3
252 6
253 9
254 5
255 1
256 8
257 3
258 9
259 1
260 1
261 3
262 3
263 3
264 3
265 10
266 10
267 8
268 5
269 6
270 1
271 5
272 8
273 6
274 7
275 8
276 9
277 3
278 7
279 1
280 8
281 7
282 10
283 1
284 5
285 10
286 8
287 1
288 6
289 7
290 9
291 2
292 7
293 5
294 4
295 1
296 7
297 10
298 4
299 10
200 5
201 8
202 10
203 4
204 9
205 2
206 3
207 7
208 1
209 8
210 10
211 9
212 6
213 8
214 5
215 4
216 6
217 7
218 5
219 6
220 6
221 1
222 9
223 10
224 8
225 4
226 10
227 8
228 4
229 8
230 2
231 5
232 10
233 5
234 10
235 3
236 2
237 9
238 9
239 2
240 9
241 9
242 3
243 7
244 7
245 8
246 7
247 4
248 3
249 2
250 2
251 1
252 8
253 6
254 10
255 10
256 9
257 9
258 1
259 10
260 6
261 6
262 7
263 5
264 5
265 3
266 3
267 8
268 1
269 7
270 9
271 3
272 6
273 2
274 5
275 4
276 10
277 10
278 6
279 5
280 9
281 10
282 1
283 10
284 8
285 3
286 5
287 2
288 4
289 10
290 5
291 9
292 5
293 1
294 5
295 3
296 9
297 4
298 2
299 7
200 6
201 6
202 2
203 5
204 4
205 7
206 1
207 1
208 6
209 6
210 8
211 1
212 9
213 1
214 7
215 4
216 9
217 8
218 2
219 6
220 4
221 10
222 5
223 4
224 3
225 4
226 1
227 6
228 1
229 10
230 3
231 6
232 1
233 2
234 6
235 7
236 4
237 9
238 8
239 1
240 2
241 4
242 7
243 9
244 7
245 9
246 3
247 1
248 4
249 5
250 7
251 5
252 3
253 7
254 4
255 3
256 1
257 3
258 8
259 7
260 3
261 9
262 4
263 8
264 2
265 6
266 2
267 7
268 2
269 4
270 3
271 4
272 10
273 8
274 8
275 9
276 1
277 4
278 2
279 9
280 2
281 2
282 3
283 9
284 10
285 4
286 2
287 8
288 1
289 5
290 4
291 7
292 7
293 2
294 3
295 7
296 5
297 7
298 4
299 5
200 9
201 3
202 8
203 4
204 3
205 8
206 4
207 7
208 2
209 7
210 1
211 9
212 4
213 2
214 9
215 5
216 5
217 7
218 9
219 4
220 2
221 3
222 2
223 10
224 9
225 7
226 6
227 4
228 10
229 10
230 5
231 6
232 8
233 5
234 9
235 3
236 2
237 4
238 3
239 8
240 8
241 6
242 6
243 5
244 8
245 10
246 9
247 4
248 6
249 8
250 5
251 5
252 3
253 6
254 4
255 4
256 6
257 6
258 8
259 2
260 9
261 5
262 2
263 3
264 2
265 8
266 6
267 6
268 4
269 7
270 2
271 9
272 8
273 2
274 2
275 9
276 3
277 2
278 10
279 1
280 3
281 9
282 8
283 8
284 10
285 10
286 4
287 3
288 5
289 9
290 3
291 2
292 5
293 9
294 2
295 7
296 9
297 5
298 6
299 8
200 2
201 -1
202 3
203 4
204 5
205 7
206 1
207 6
208 3
209 2
210 3
211 -1
212 10
213 5
214 9
215 3
216 9
217 5
218 3
219 1
220 10
221 4
222 6
223 10
224 3
225 10
226 2
227 2
228 10
229 9
230 10
231 1
232 4
233 10
234 4
235 3
236 8
237 7
238 8
239 7
240 1
241 9
242 4
243 1
244 10
245 7
246 3
247 2
248 6
249 5
250 3
251 8
252 2
253 7
254 6
255 5
256 7
257 8
258 6
259 7
260 7
261 5
262 1
263 2
264 6
265 1
266 1
267 9
268 8
269 3
270 3
271 -1
272 9
273 5
274 5
275 1
276 10
277 -1
278 2
279 3
280 6
281 4
282 2
283 7
284 5
285 10
286 9
287 5
288 7
289 1
290 10
291 5
292 5
293 5
294 10
295 5
296 10
297 6
298 7
299 4
200 4
201 3
202 4
203 10
204 5
205 10
206 8
207 10
208 10
209 3
210 6
211 1
212 3
213 10
214 4
215 10
216 6
217 10
218 4
219 10
220 9
221 7
222 8
223 3
224 3
225 5
226 2
227 6
228 2
229 8
230 5
231 5
232 10
233 7
234 6
235 7
236 10
237 9
238 8
239 6
240 1
241 8
242 1
243 10
244 9
245 4
246 9
247 5
248 7
249 5
250 6
251 7
252 4
253 5
254 9
255 6
256 10
257 4
258 7
259 2
260 8
261 10
262 8
263 8
264 7
265 5
266 6
267 3
268 4
269 5
270 9
271 10
272 10
273 8
274 9
275 1
276 3
277 4
278 6
279 2
280 7
281 7
282 9
283 2
284 6
285 5
286 8
287 7
288 10
289 6
290 8
291 7
292 7
293 7
294 7
295 10
296 10
297 3
298 5
299 6
200 7
201 5
202 7
203 2
204 9
205 7
206 6
207 5
208 8
209 4
210 2
211 1
212 7
213 3
214 5
215 1
216 3
217 1
218 1
219 10
220 1
221 1
222 2
223 3
224 8
225 8
226 2
227 10
228 7
229 6
230 6
231 7
232 6
233 7
234 8
235 9
236 5
237 6
238 -1
239 9
240 3
241 7
242 6
243 6
244 1
245 1
246 4
247 6
248 10
249 2
250 8
251 10
252 8
253 1
254 7
255 5
256 10
257 -1
258 8
259 5
260 6
261 6
262 4
263 1
264 8
265 2
266 3
267 1
268 10
269 5
270 6
271 6
272 8
273 3
274 5
275 3
276 -1
277 1
278 10
279 7
280 9
281 4
282 5
283 5
284 4
285 8
286 10
287 1
288 8
289 10
290 1
291 6
292 8
293 -1
294 1
295 1
296 1
297 3
298 1
299 3
200 7
201 5
202 9
203 2
204 5
205 6
206 9
207 10
208 -1
209 3
210 10
211 10
212 4
213 3
214 10
215 10
216 3
217 2
218 3
219 3
220 10
221 4
222 9
223 9
224 10
225 2
226 10
227 3
228 7
229 9
230 2
231 2
232 1
233 10
234 5
235 4
236 9
237 1
238 7
239 6
240 7
241 3
242 3
243 8
244 2
245 6
246 3
247 6
248 5
249 1
250 1
251 2
252 6
253 1
254 3
255 -1
256 5
257 5
258 2
259 10
260 8
261 3
262 2
263 8
264 3
265 4
266 5
267 6
268 5
269 3
270 2
271 2
272 2
273 1
274 4
275 2
276 7
277 1
278 6
279 3
280 9
281 5
282 2
283 10
284 4
285 7
286 6
287 5
288 10
289 9
290 5
291 3
292 7
293 3
294 10
295 7
296 6
297 6
298 7
299 1
