100 10
101 9
102 6
103 2
104 1
105 5
106 3
107 7
108 8
109 8
110 5
111 6
112 1
113 9
114 6
115 1
116 1
117 8
118 9
119 9
120 4
121 2
122 9
123 3
124 3
125 2
126 6
127 4
128 3
129 9
130 10
131 3
132 10
133 5
134 4
135 4
136 4
137 1
138 6
139 1
140 8
141 6
142 8
143 5
144 1
145 4
146 10
147 10
148 8
149 6
150 1
151 7
152 2
153 4
154 5
155 7
156 4
157 7
158 3
159 5
160 9
161 10
162 8
163 9
164 8
165 1
166 2
167 1
168 3
169 4
170 6
171 7
172 8
173 5
174 8
175 9
176 10
177 8
178 8
179 9
180 7
181 4
182 7
183 3
184 8
185 4
186 2
187 1
188 4
189 10
190 4
191 10
192 4
193 2
194 3
195 4
196 1
197 9
198 9
199 5
100 1
101 3
102 10
103 1
104 2
105 1
106 5
107 6
108 9
109 1
110 6
111 3
112 7
113 3
114 4
115 6
116 5
117 4
118 4
119 4
120 9
121 4
122 9
123 6
124 10
125 7
126 9
127 6
128 10
129 8
130 8
131 8
132 1
133 7
134 7
135 8
136 3
137 2
138 9
139 8
140 4
141 9
142 9
143 1
144 6
145 8
146 7
147 4
148 6
149 10
150 8
151 2
152 7
153 9
154 5
155 8
156 4
157 6
158 9
159 4
160 2
161 10
162 5
163 8
164 10
165 7
166 2
167 7
168 7
169 3
170 5
171 1
172 3
173 2
174 7
175 7
176 6
177 2
178 6
179 9
180 4
181 3
182 4
183 8
184 6
185 9
186 1
187 6
188 6
189 8
190 7
191 5
192 6
193 2
194 4
195 6
196 2
197 8
198 3
199 10
100 4
101 9
102 7
103 7
104 5
105 2
106 3
107 4
108 7
109 6
110 6
111 8
112 9
113 2
114 7
115 4
116 8
117 4
118 4
119 6
120 9
121 6
122 5
123 8
124 7
125 10
126 6
127 3
128 8
129 8
130 3
131 1
132 4
133 2
134 10
135 5
136 2
137 10
138 1
139 2
140 10
141 1
142 9
143 8
144 4
145 1
146 3
147 2
148 8
149 3
150 2
151 5
152 3
153 8
154 3
155 6
156 1
157 5
158 10
159 2
160 6
161 9
162 3
163 7
164 4
165 5
166 9
167 7
168 4
169 4
170 6
171 7
172 3
173 3
174 2
175 8
176 5
177 6
178 9
179 6
180 6
181 7
182 7
183 6
184 2
185 3
186 9
187 1
188 1
189 3
190 1
191 1
192 10
193 7
194 10
195 2
196 1
197 4
198 1
199 10
100 7
101 9
102 2
103 1
104 8
105 8
106 2
107 9
108 8
109 7
110 10
111 3
112 3
113 3
114 9
115 9
116 8
117 8
118 6
119 10
120 5
121 6
122 4
123 6
124 4
125 5
126 8
127 8
128 10
129 7
130 5
131 8
132 9
133 10
134 3
135 5
136 1
137 5
138 8
139 9
140 7
141 9
142 4
143 4
144 4
145 8
146 5
147 3
148 3
149 5
150 5
151 5
152 5
153 4
154 3
155 7
156 2
157 6
158 1
159 9
160 10
161 10
162 8
163 1
164 5
165 7
166 2
167 6
168 1
169 7
170 6
171 6
172 7
173 6
174 10
175 4
176 4
177 8
178 9
179 10
180 10
181 8
182 7
183 7
184 3
185 3
186 6
187 9
188 3
189 8
190 6
191 2
192 10
193 4
194 4
195 2
196 8
197 10
198 5
199 1
100 1
101 8
102 9
103 5
104 6
105 7
106 10
107 2
108 6
109 9
110 5
111 8
112 10
113 10
114 7
115 7
116 1
117 4
118 1
119 3
120 5
121 5
122 2
123 4
124 2
125 3
126 6
127 8
128 1
129 6
130 1
131 8
132 4
133 5
134 3
135 1
136 4
137 1
138 7
139 8
140 5
141 5
142 10
143 9
144 1
145 1
146 2
147 9
148 8
149 7
150 7
151 2
152 2
153 3
154 5
155 9
156 3
157 4
158 10
159 7
160 5
161 3
162 5
163 2
164 3
165 5
166 8
167 10
168 10
169 7
170 9
171 2
172 5
173 7
174 3
175 9
176 2
177 4
178 4
179 3
180 1
181 8
182 9
183 1
184 6
185 8
186 10
187 9
188 6
189 2
190 4
191 5
192 9
193 7
194 7
195 2
196 7
197 4
198 10
199 6
100 6
101 2
102 1
103 3
104 6
105 5
106 5
107 4
108 6
109 9
110 3
111 3
112 2
113 5
114 1
115 2
116 10
117 6
118 7
119 1
120 4
121 3
122 3
123 6
124 5
125 9
126 1
127 1
128 3
129 1
130 1
131 2
132 10
133 10
134 2
135 5
136 6
137 6
138 4
139 9
140 1
141 10
142 8
143 9
144 3
145 9
146 1
147 6
148 7
149 7
150 4
151 9
152 3
153 9
154 2
155 2
156 6
157 3
158 10
159 1
160 5
161 10
162 6
163 5
164 7
165 2
166 8
167 4
168 7
169 8
170 1
171 1
172 6
173 3
174 4
175 10
176 8
177 4
178 9
179 3
180 8
181 4
182 5
183 5
184 6
185 10
186 3
187 7
188 4
189 6
190 8
191 3
192 6
193 9
194 5
195 3
196 3
197 4
198 10
199 4
100 9
101 10
102 10
103 5
104 4
105 7
106 4
107 7
108 3
109 -1
110 4
111 4
112 5
113 7
114 3
115 6
116 2
117 7
118 6
119 6
120 3
121 5
122 1
123 10
124 3
125 3
126 10
127 4
128 2
129 4
130 2
131 7
132 9
133 1
134 5
135 8
136 2
137 8
138 1
139 4
140 10
141 5
142 8
143 4
144 9
145 3
146 -1
147 3
148 9
149 1
150 2
151 10
152 7
153 4
154 1
155 6
156 3
157 10
158 10
159 7
160 2
161 5
162 10
163 6
164 7
165 5
166 9
167 1
168 2
169 5
170 1
171 8
172 2
173 1
174 5
175 3
176 5
177 6
178 4
179 2
180 9
181 1
182 9
183 -1
184 10
185 3
186 6
187 10
188 7
189 3
190 8
191 8
192 7
193 8
194 4
195 4
196 6
197 4
198 2
199 2
100 3
101 4
102 1
103 1
104 1
105 3
106 8
107 9
108 8
109 10
110 10
111 4
112 8
113 3
114 8
115 1
116 5
117 6
118 10
119 1
120 6
121 5
122 6
123 8
124 5
125 9
126 9
127 1
128 1
129 8
130 8
131 3
132 -1
133 4
134 9
135 3
136 8
137 9
138 5
139 2
140 3
141 9
142 6
143 10
144 7
145 6
146 2
147 3
148 3
149 8
150 10
151 5
152 3
153 10
154 4
155 9
156 8
157 5
158 10
159 7
160 10
161 7
162 1
163 6
164 7
165 5
166 3
167 1
168 9
169 10
170 4
171 10
172 -1
173 9
174 4
175 8
176 10
177 8
178 3
179 5
180 6
181 1
182 9
183 5
184 4
185 1
186 1
187 8
188 10
189 10
190 5
191 9
192 5
193 2
194 4
195 6
196 10
197 9
198 9
199 3
100 9
101 4
102 5
103 10
104 2
105 9
106 7
107 2
108 3
109 4
110 -1
111 6
112 10
113 5
114 4
115 10
116 7
117 8
118 8
119 9
120 6
121 7
122 3
123 9
124 9
125 10
126 7
127 6
128 7
129 8
130 5
131 10
132 6
133 3
134 7
135 5
136 8
137 10
138 8
139 4
140 7
141 10
142 4
143 6
144 9
145 8
146 5
147 5
148 9
149 -1
150 8
151 10
152 6
153 4
154 3
155 1
156 4
157 3
158 3
159 5
160 5
161 8
162 2
163 7
164 10
165 2
166 5
167 2
168 1
169 6
170 3
171 9
172 9
173 8
174 9
175 2
176 3
177 3
178 10
179 2
180 5
181 10
182 4
183 7
184 2
185 5
186 9
187 6
188 6
189 1
190 2
191 2
192 2
193 6
194 9
195 5
196 5
197 4
198 7
199 9
100 1
101 1
102 6
103 10
104 6
105 1
106 2
107 6
108 5
109 5
110 8
111 8
112 4
113 9
114 8
115 9
116 1
117 3
118 6
119 5
120 8
121 9
122 1
123 3
124 3
125 4
126 -1
127 5
128 4
129 4
130 1
131 2
132 7
133 9
134 1
135 3
136 1
137 6
138 4
139 10
140 2
141 7
142 6
143 9
144 3
145 9
146 4
147 6
148 8
149 8
150 1
151 3
152 3
153 3
154 -1
155 1
156 6
157 2
158 3
159 5
160 1
161 10
162 3
163 10
164 1
165 2
166 1
167 5
168 8
169 1
170 7
171 7
172 2
173 5
174 9
175 1
176 1
177 10
178 4
179 1
180 1
181 1
182 4
183 6
184 4
185 10
186 8
187 10
188 -1
189 4
190 6
191 3
192 7
193 7
194 6
195 3
196 5
197 2
198 7
199 1
