0 4
1 4
2 1
3 6
4 3
5 4
6 9
7 7
8 4
9 9
10 5
11 5
12 5
13 5
14 2
15 7
16 4
17 8
18 2
19 4
20 5
21 2
22 4
23 9
24 2
25 10
26 3
27 3
28 2
29 3
30 1
31 7
32 1
33 10
34 3
35 2
36 9
37 4
38 8
39 5
40 7
41 3
42 9
43 3
44 10
45 4
46 2
47 10
48 9
49 4
50 2
51 3
52 1
53 4
54 3
55 5
56 5
57 8
58 7
59 2
60 3
61 8
62 1
63 3
64 6
65 3
66 2
67 4
68 10
69 6
70 2
71 2
72 2
73 7
74 2
75 7
76 2
77 5
78 3
79 3
80 9
81 3
82 7
83 4
84 7
85 9
86 7
87 3
88 9
89 7
90 6
91 10
92 2
93 8
94 7
95 1
96 3
97 3
98 10
99 2
0 6
1 6
2 8
3 10
4 3
5 2
6 8
7 1
8 1
9 3
10 2
11 1
12 2
13 1
14 9
15 1
16 8
17 8
18 4
19 7
20 4
21 10
22 7
23 7
24 6
25 3
26 8
27 10
28 2
29 8
30 9
31 4
32 3
33 2
34 2
35 2
36 6
37 6
38 7
39 2
40 1
41 2
42 7
43 4
44 2
45 7
46 10
47 6
48 3
49 9
50 7
51 7
52 9
53 8
54 9
55 6
56 1
57 5
58 3
59 2
60 7
61 9
62 5
63 10
64 8
65 8
66 1
67 7
68 5
69 4
70 10
71 7
72 2
73 1
74 4
75 4
76 5
77 10
78 6
79 6
80 1
81 6
82 4
83 3
84 10
85 6
86 7
87 1
88 8
89 8
90 4
91 6
92 3
93 7
94 7
95 7
96 10
97 3
98 6
99 5
0 3
1 6
2 3
3 2
4 7
5 6
6 6
7 6
8 7
9 1
10 5
11 6
12 1
13 1
14 8
15 8
16 8
17 1
18 3
19 7
20 8
21 2
22 2
23 3
24 7
25 7
26 8
27 9
28 7
29 7
30 2
31 8
32 8
33 10
34 8
35 9
36 4
37 7
38 4
39 10
40 1
41 10
42 8
43 5
44 10
45 3
46 9
47 2
48 7
49 5
50 6
51 2
52 3
53 3
54 6
55 6
56 3
57 6
58 3
59 6
60 4
61 7
62 2
63 9
64 9
65 6
66 2
67 10
68 3
69 4
70 3
71 6
72 9
73 1
74 8
75 2
76 1
77 10
78 6
79 3
80 7
81 6
82 1
83 4
84 3
85 3
86 5
87 6
88 10
89 9
90 7
91 7
92 6
93 5
94 1
95 8
96 1
97 3
98 1
99 7
0 2
1 4
2 1
3 6
4 1
5 9
6 2
7 9
8 9
9 4
10 6
11 8
12 4
13 6
14 4
15 1
16 10
17 3
18 2
19 4
20 3
21 3
22 7
23 5
24 6
25 8
26 2
27 5
28 10
29 7
30 3
31 1
32 6
33 5
34 8
35 4
36 1
37 5
38 5
39 7
40 5
41 6
42 6
43 10
44 7
45 3
46 8
47 9
48 4
49 7
50 9
51 7
52 3
53 2
54 8
55 6
56 1
57 7
58 3
59 7
60 6
61 4
62 6
63 10
64 7
65 5
66 3
67 9
68 3
69 5
70 5
71 7
72 3
73 6
74 3
75 3
76 8
77 7
78 5
79 2
80 2
81 8
82 7
83 4
84 3
85 5
86 4
87 5
88 2
89 9
90 6
91 10
92 4
93 4
94 2
95 6
96 7
97 3
98 10
99 10
0 7
1 4
2 8
3 10
4 3
5 1
6 5
7 5
8 8
9 9
10 1
11 7
12 10
13 3
14 6
15 5
16 4
17 7
18 5
19 1
20 5
21 10
22 8
23 5
24 2
25 9
26 1
27 9
28 7
29 7
30 4
31 4
32 1
33 1
34 7
35 6
36 6
37 9
38 3
39 2
40 4
41 9
42 9
43 1
44 4
45 2
46 9
47 7
48 10
49 3
50 2
51 2
52 1
53 3
54 8
55 8
56 1
57 4
58 10
59 10
60 5
61 3
62 6
63 8
64 4
65 4
66 7
67 6
68 3
69 9
70 4
71 7
72 8
73 1
74 4
75 8
76 6
77 10
78 8
79 6
80 9
81 9
82 8
83 2
84 6
85 7
86 9
87 9
88 1
89 9
90 4
91 5
92 9
93 3
94 7
95 2
96 10
97 7
98 3
99 7
0 9
1 3
2 8
3 8
4 2
5 8
6 10
7 3
8 7
9 10
10 1
11 10
12 4
13 4
14 1
15 8
16 6
17 10
18 6
19 3
20 10
21 10
22 4
23 1
24 3
25 4
26 1
27 3
28 6
29 7
30 8
31 9
32 4
33 6
34 1
35 7
36 3
37 3
38 8
39 8
40 1
41 6
42 6
43 2
44 3
45 10
46 5
47 4
48 9
49 10
50 5
51 4
52 10
53 6
54 2
55 2
56 3
57 9
58 10
59 9
60 8
61 7
62 1
63 6
64 9
65 3
66 7
67 10
68 3
69 2
70 4
71 5
72 10
73 2
74 10
75 6
76 4
77 3
78 2
79 4
80 10
81 3
82 10
83 1
84 9
85 2
86 7
87 2
88 6
89 10
90 10
91 7
92 8
93 1
94 10
95 8
96 8
97 6
98 7
99 4
0 8
1 10
2 -1
3 10
4 8
5 10
6 10
7 10
8 7
9 4
10 5
11 10
12 7
13 8
14 8
15 10
16 8
17 4
18 6
19 5
20 8
21 10
22 9
23 4
24 6
25 9
26 5
27 1
28 4
29 3
30 5
31 4
32 7
33 9
34 8
35 5
36 5
37 3
38 2
39 7
40 9
41 7
42 1
43 3
44 4
45 10
46 6
47 1
48 10
49 2
50 4
51 10
52 2
53 10
54 1
55 7
56 3
57 8
58 5
59 1
60 3
61 3
62 8
63 1
64 9
65 1
66 7
67 5
68 3
69 2
70 6
71 9
72 9
73 8
74 4
75 2
76 10
77 -1
78 10
79 4
80 3
81 8
82 4
83 5
84 10
85 2
86 6
87 1
88 3
89 6
90 9
91 8
92 9
93 4
94 8
95 1
96 2
97 7
98 10
99 8
0 8
1 5
2 10
3 9
4 3
5 7
6 4
7 6
8 9
9 1
10 8
11 2
12 6
13 4
14 1
15 5
16 2
17 6
18 3
19 4
20 5
21 9
22 9
23 1
24 4
25 9
26 3
27 6
28 6
29 9
30 -1
31 5
32 5
33 1
34 5
35 5
36 5
37 8
38 9
39 5
40 10
41 8
42 4
43 6
44 10
45 9
46 9
47 5
48 9
49 10
50 6
51 1
52 8
53 7
54 10
55 7
56 3
57 5
58 6
59 7
60 2
61 3
62 5
63 9
64 3
65 2
66 10
67 10
68 3
69 2
70 3
71 5
72 3
73 6
74 9
75 10
76 1
77 10
78 3
79 2
80 7
81 2
82 1
83 1
84 6
85 10
86 7
87 8
88 2
89 1
90 4
91 6
92 4
93 9
94 3
95 3
96 9
97 10
98 2
99 3
0 7
1 3
2 2
3 7
4 1
5 6
6 3
7 10
8 5
9 5
10 5
11 1
12 6
13 -1
14 6
15 5
16 2
17 4
18 1
19 6
20 -1
21 4
22 4
23 -1
24 9
25 3
26 4
27 8
28 4
29 1
30 5
31 8
32 3
33 6
34 9
35 9
36 3
37 5
38 10
39 7
40 4
41 6
42 -1
43 8
44 2
45 -1
46 6
47 9
48 2
49 5
50 3
51 2
52 6
53 7
54 3
55 8
56 5
57 7
58 5
59 5
60 2
61 8
62 4
63 7
64 10
65 2
66 9
67 4
68 3
69 3
70 1
71 7
72 5
73 3
74 5
75 5
76 6
77 6
78 8
79 2
80 3
81 6
82 2
83 3
84 7
85 4
86 1
87 3
88 6
89 5
90 3
91 1
92 8
93 2
94 10
95 6
96 5
97 -1
98 7
99 3
0 7
1 3
2 1
3 4
4 5
5 9
6 5
7 9
8 10
9 3
10 10
11 1
12 10
13 2
14 5
15 2
16 6
17 1
18 8
19 3
20 6
21 10
22 5
23 5
24 3
25 4
26 4
27 6
28 8
29 2
30 8
31 2
32 3
33 4
34 2
35 4
36 6
37 10
38 5
39 2
40 1
41 3
42 3
43 9
44 7
45 8
46 9
47 7
48 7
49 6
50 9
51 4
52 4
53 2
54 7
55 3
56 7
57 6
58 6
59 2
60 9
61 5
62 9
63 10
64 3
65 2
66 1
67 7
68 6
69 2
70 1
71 10
72 10
73 10
74 1
75 6
76 10
77 3
78 1
79 5
80 2
81 10
82 6
83 8
84 7
85 6
86 7
87 4
88 8
89 10
90 8
91 6
92 1
93 9
94 -1
95 8
96 5
97 7
98 1
99 10
