400 3
401 8
402 9
403 3
404 6
405 4
406 5
407 8
408 1
409 2
410 6
411 2
412 6
413 10
414 8
415 6
416 5
417 9
418 10
419 3
420 6
421 1
422 5
423 4
424 7
425 1
426 7
427 4
428 7
429 4
430 7
431 3
432 8
433 9
434 7
435 2
436 10
437 1
438 2
439 9
440 3
441 2
442 6
443 4
444 5
445 10
446 4
447 4
448 3
449 10
450 5
451 7
452 6
453 3
454 9
455 1
456 3
457 3
458 10
459 10
460 4
461 10
462 10
463 4
464 4
465 10
466 8
467 4
468 10
469 3
470 5
471 7
472 2
473 5
474 9
475 7
476 9
477 9
478 4
479 5
480 1
481 8
482 5
483 2
484 3
485 5
486 10
487 1
488 2
489 4
490 3
491 2
492 6
493 9
494 9
495 7
496 2
497 3
498 7
499 2
400 2
401 9
402 7
403 6
404 8
405 5
406 8
407 1
408 9
409 4
410 8
411 7
412 6
413 6
414 2
415 1
416 10
417 6
418 6
419 6
420 2
421 10
422 2
423 6
424 5
425 1
426 1
427 5
428 3
429 2
430 5
431 1
432 7
433 2
434 7
435 7
436 5
437 4
438 2
439 4
440 7
441 4
442 3
443 3
444 9
445 10
446 8
447 6
448 3
449 7
450 5
451 1
452 2
453 8
454 1
455 10
456 2
457 1
458 1
459 7
460 7
461 8
462 10
463 8
464 1
465 10
466 2
467 5
468 2
469 6
470 7
471 4
472 2
473 10
474 3
475 3
476 5
477 5
478 7
479 8
480 6
481 6
482 7
483 2
484 8
485 6
486 2
487 7
488 3
489 5
490 9
491 9
492 5
493 4
494 5
495 4
496 3
497 7
498 2
499 6
400 10
401 6
402 9
403 5
404 5
405 10
406 2
407 3
408 7
409 3
410 10
411 2
412 6
413 9
414 9
415 8
416 8
417 6
418 3
419 10
420 6
421 7
422 9
423 10
424 4
425 5
426 8
427 3
428 2
429 3
430 8
431 6
432 10
433 1
434 7
435 7
436 2
437 1
438 1
439 2
440 10
441 1
442 6
443 9
444 5
445 1
446 8
447 9
448 5
449 2
450 1
451 1
452 1
453 5
454 2
455 8
456 2
457 6
458 9
459 6
460 1
461 10
462 7
463 6
464 4
465 8
466 7
467 10
468 1
469 3
470 7
471 10
472 6
473 4
474 7
475 4
476 7
477 5
478 9
479 2
480 10
481 9
482 4
483 1
484 1
485 1
486 4
487 1
488 10
489 8
490 7
491 3
492 8
493 2
494 10
495 4
496 3
497 7
498 10
499 8
400 4
401 5
402 9
403 6
404 5
405 5
406 4
407 4
408 2
409 10
410 6
411 2
412 3
413 10
414 2
415 5
416 6
417 1
418 7
419 1
420 10
421 5
422 7
423 4
424 3
425 10
426 10
427 5
428 10
429 9
430 10
431 5
432 7
433 1
434 4
435 5
436 6
437 9
438 1
439 5
440 7
441 6
442 2
443 4
444 6
445 4
446 6
447 7
448 2
449 2
450 4
451 10
452 6
453 9
454 1
455 1
456 10
457 4
458 9
459 2
460 7
461 4
462 2
463 3
464 9
465 9
466 1
467 9
468 8
469 7
470 2
471 6
472 8
473 6
474 8
475 9
476 1
477 4
478 3
479 9
480 5
481 3
482 7
483 4
484 9
485 9
486 4
487 7
488 1
489 10
490 1
491 4
492 8
493 6
494 8
495 9
496 8
497 5
498 7
499 7
400 5
401 9
402 4
403 10
404 10
405 9
406 5
407 9
408 5
409 3
410 5
411 10
412 9
413 3
414 1
415 7
416 2
417 7
418 1
419 1
420 4
421 8
422 10
423 3
424 10
425 3
426 1
427 7
428 1
429 9
430 2
431 7
432 2
433 9
434 4
435 5
436 1
437 5
438 1
439 5
440 10
441 3
442 3
443 2
444 2
445 3
446 5
447 5
448 8
449 4
450 8
451 5
452 3
453 9
454 1
455 4
456 7
457 1
458 8
459 5
460 10
461 5
462 5
463 5
464 2
465 8
466 2
467 10
468 4
469 5
470 1
471 8
472 8
473 4
474 7
475 10
476 10
477 4
478 4
479 6
480 10
481 4
482 3
483 9
484 4
485 7
486 8
487 5
488 10
489 2
490 8
491 3
492 4
493 9
494 8
495 6
496 3
497 4
498 8
499 4
400 8
401 3
402 10
403 3
404 4
405 3
406 9
407 6
408 3
409 2
410 8
411 10
412 8
413 5
414 8
415 6
416 10
417 4
418 6
419 6
420 7
421 2
422 1
423 9
424 9
425 1
426 4
427 10
428 7
429 4
430 3
431 9
432 4
433 10
434 8
435 10
436 8
437 4
438 6
439 8
440 9
441 6
442 4
443 7
444 8
445 2
446 1
447 8
448 7
449 8
450 1
451 4
452 7
453 10
454 6
455 3
456 7
457 9
458 8
459 7
460 10
461 1
462 10
463 7
464 10
465 6
466 1
467 1
468 6
469 9
470 7
471 3
472 4
473 6
474 3
475 10
476 10
477 6
478 2
479 1
480 3
481 9
482 9
483 7
484 8
485 3
486 5
487 3
488 6
489 4
490 8
491 7
492 10
493 6
494 9
495 2
496 9
497 9
498 5
499 10
400 2
401 4
402 1
403 6
404 8
405 5
406 2
407 9
408 3
409 4
410 8
411 5
412 7
413 6
414 8
415 5
416 5
417 9
418 5
419 10
420 1
421 10
422 10
423 4
424 5
425 4
426 -1
427 9
428 9
429 10
430 9
431 3
432 3
433 5
434 3
435 10
436 8
437 10
438 7
439 4
440 3
441 5
442 2
443 3
444 7
445 6
446 5
447 9
448 10
449 7
450 4
451 5
452 6
453 3
454 7
455 5
456 6
457 2
458 4
459 2
460 4
461 4
462 8
463 -1
464 5
465 10
466 6
467 6
468 8
469 9
470 7
471 8
472 5
473 1
474 5
475 -1
476 6
477 7
478 10
479 5
480 7
481 -1
482 2
483 -1
484 8
485 4
486 4
487 9
488 4
489 8
490 8
491 10
492 7
493 7
494 6
495 1
496 10
497 6
498 8
499 1
400 6
401 8
402 2
403 4
404 1
405 5
406 2
407 3
408 6
409 3
410 7
411 1
412 9
413 6
414 2
415 10
416 10
417 8
418 4
419 4
420 4
421 8
422 3
423 10
424 4
425 3
426 1
427 9
428 1
429 10
430 1
431 3
432 9
433 4
434 10
435 8
436 2
437 7
438 9
439 5
440 7
441 8
442 9
443 9
444 8
445 1
446 4
447 5
448 9
449 -1
450 6
451 9
452 5
453 9
454 1
455 7
456 1
457 10
458 6
459 3
460 7
461 7
462 4
463 1
464 8
465 10
466 10
467 8
468 7
469 6
470 7
471 -1
472 -1
473 7
474 8
475 10
476 9
477 7
478 5
479 7
480 6
481 10
482 7
483 3
484 2
485 4
486 10
487 3
488 6
489 5
490 3
491 7
492 4
493 2
494 2
495 1
496 8
497 5
498 9
499 2
400 6
401 6
402 3
403 5
404 8
405 3
406 6
407 3
408 10
409 7
410 7
411 1
412 7
413 9
414 8
415 5
416 6
417 7
418 7
419 8
420 8
421 1
422 2
423 10
424 2
425 2
426 2
427 7
428 9
429 10
430 8
431 3
432 8
433 5
434 10
435 2
436 4
437 2
438 5
439 6
440 8
441 7
442 2
443 9
444 7
445 6
446 8
447 1
448 2
449 6
450 -1
451 5
452 5
453 1
454 1
455 8
456 7
457 2
458 2
459 8
460 4
461 4
462 3
463 7
464 6
465 3
466 7
467 2
468 5
469 6
470 2
471 4
472 9
473 8
474 3
475 4
476 3
477 8
478 8
479 3
480 7
481 3
482 10
483 3
484 8
485 2
486 2
487 4
488 6
489 9
490 8
491 5
492 1
493 1
494 1
495 7
496 4
497 4
498 1
499 7
400 5
401 5
402 8
403 9
404 6
405 2
406 3
407 2
408 8
409 8
410 4
411 8
412 5
413 -1
414 6
415 5
416 10
417 3
418 5
419 9
420 4
421 10
422 9
423 6
424 8
425 9
426 7
427 5
428 5
429 8
430 10
431 6
432 1
433 3
434 5
435 8
436 3
437 9
438 4
439 1
440 7
441 9
442 3
443 3
444 1
445 3
446 4
447 4
448 9
449 7
450 5
451 4
452 7
453 10
454 1
455 4
456 5
457 7
458 9
459 3
460 7
461 4
462 2
463 2
464 8
465 9
466 1
467 6
468 6
469 9
470 1
471 7
472 9
473 6
474 9
475 9
476 9
477 6
478 2
479 8
480 2
481 4
482 7
483 2
484 10
485 2
486 5
487 5
488 4
489 8
490 6
491 5
492 3
493 7
494 9
495 7
496 8
497 8
498 6
499 9
