300 2
301 3
302 5
303 9
304 5
305 8
306 10
307 1
308 3
309 2
310 2
311 4
312 9
313 9
314 6
315 9
316 8
317 6
318 10
319 1
320 3
321 6
322 1
323 5
324 7
325 5
326 4
327 4
328 10
329 5
330 2
331 9
332 7
333 7
334 9
335 3
336 10
337 9
338 3
339 8
340 8
341 1
342 10
343 8
344 9
345 1
346 8
347 5
348 4
349 4
350 5
351 10
352 5
353 4
354 1
355 9
356 5
357 4
358 6
359 9
360 2
361 9
362 5
363 3
364 7
365 8
366 10
367 5
368 9
369 5
370 4
371 5
372 1
373 7
374 8
375 3
376 3
377 9
378 10
379 9
380 2
381 5
382 5
383 4
384 6
385 7
386 6
387 2
388 3
389 10
390 1
391 10
392 1
393 5
394 10
395 10
396 10
397 1
398 9
399 7
300 5
301 9
302 9
303 5
304 6
305 8
306 6
307 3
308 4
309 1
310 6
311 5
312 9
313 5
314 9
315 5
316 9
317 9
318 9
319 7
320 10
321 8
322 8
323 5
324 3
325 9
326 1
327 5
328 5
329 8
330 2
331 10
332 10
333 1
334 9
335 5
336 6
337 6
338 10
339 5
340 6
341 8
342 6
343 7
344 8
345 1
346 1
347 3
348 8
349 4
350 4
351 3
352 9
353 1
354 1
355 3
356 7
357 3
358 7
359 4
360 4
361 9
362 3
363 8
364 4
365 2
366 9
367 9
368 8
369 1
370 10
371 3
372 9
373 6
374 5
375 10
376 2
377 5
378 9
379 5
380 3
381 4
382 9
383 6
384 2
385 4
386 10
387 3
388 6
389 8
390 3
391 7
392 2
393 3
394 7
395 1
396 7
397 4
398 6
399 5
300 9
301 1
302 9
303 8
304 9
305 10
306 8
307 9
308 2
309 5
310 5
311 9
312 6
313 7
314 1
315 3
316 9
317 8
318 6
319 1
320 9
321 8
322 2
323 9
324 10
325 9
326 4
327 5
328 2
329 8
330 10
331 4
332 6
333 9
334 2
335 1
336 2
337 5
338 8
339 3
340 4
341 8
342 10
343 5
344 6
345 1
346 8
347 7
348 5
349 8
350 6
351 9
352 5
353 9
354 4
355 3
356 9
357 9
358 9
359 6
360 6
361 5
362 10
363 7
364 5
365 5
366 9
367 4
368 7
369 2
370 10
371 2
372 1
373 7
374 6
375 5
376 5
377 2
378 2
379 3
380 7
381 5
382 4
383 7
384 5
385 6
386 4
387 6
388 9
389 8
390 2
391 1
392 3
393 5
394 8
395 10
396 4
397 9
398 7
399 8
300 3
301 9
302 9
303 6
304 6
305 6
306 4
307 7
308 4
309 5
310 8
311 4
312 1
313 9
314 6
315 1
316 5
317 4
318 5
319 2
320 5
321 6
322 5
323 2
324 7
325 1
326 10
327 10
328 8
329 9
330 8
331 6
332 9
333 4
334 7
335 10
336 2
337 10
338 2
339 4
340 10
341 4
342 4
343 9
344 2
345 8
346 4
347 1
348 9
349 2
350 2
351 1
352 1
353 3
354 6
355 3
356 5
357 2
358 10
359 7
360 5
361 4
362 4
363 2
364 3
365 4
366 7
367 1
368 5
369 8
370 8
371 10
372 9
373 10
374 1
375 2
376 5
377 8
378 4
379 10
380 9
381 3
382 10
383 2
384 2
385 6
386 4
387 5
388 1
389 5
390 6
391 9
392 2
393 5
394 9
395 2
396 6
397 6
398 8
399 4
300 5
301 10
302 1
303 2
304 2
305 4
306 10
307 6
308 5
309 7
310 1
311 5
312 10
313 8
314 4
315 5
316 2
317 4
318 9
319 6
320 2
321 10
322 2
323 10
324 6
325 3
326 2
327 3
328 5
329 6
330 4
331 6
332 6
333 2
334 8
335 8
336 9
337 6
338 6
339 7
340 4
341 10
342 1
343 9
344 10
345 3
346 10
347 8
348 4
349 10
350 9
351 9
352 2
353 2
354 4
355 8
356 6
357 7
358 6
359 1
360 6
361 7
362 5
363 5
364 7
365 3
366 4
367 3
368 3
369 6
370 6
371 2
372 8
373 6
374 7
375 1
376 9
377 2
378 5
379 5
380 9
381 10
382 8
383 8
384 5
385 6
386 10
387 10
388 1
389 6
390 8
391 8
392 9
393 10
394 9
395 9
396 9
397 8
398 6
399 10
300 9
301 1
302 4
303 7
304 1
305 2
306 7
307 8
308 8
309 3
310 9
311 7
312 5
313 4
314 2
315 7
316 8
317 7
318 6
319 6
320 6
321 4
322 9
323 4
324 4
325 10
326 1
327 5
328 10
329 2
330 8
331 7
332 8
333 4
334 2
335 6
336 10
337 2
338 6
339 8
340 5
341 10
342 7
343 9
344 2
345 5
346 8
347 9
348 8
349 7
350 8
351 9
352 4
353 2
354 3
355 3
356 7
357 7
358 3
359 3
360 9
361 5
362 5
363 8
364 9
365 4
366 5
367 2
368 4
369 2
370 7
371 9
372 4
373 9
374 10
375 1
376 5
377 10
378 4
379 7
380 3
381 1
382 10
383 6
384 8
385 6
386 8
387 4
388 3
389 4
390 3
391 8
392 8
393 6
394 9
395 8
396 4
397 3
398 10
399 3
300 7
301 4
302 10
303 1
304 5
305 8
306 10
307 7
308 3
309 5
310 -1
311 5
312 5
313 -1
314 9
315 4
316 3
317 8
318 2
319 10
320 4
321 6
322 1
323 8
324 5
325 10
326 2
327 1
328 10
329 2
330 8
331 10
332 6
333 3
334 1
335 10
336 5
337 6
338 1
339 9
340 5
341 3
342 7
343 3
344 7
345 9
346 4
347 6
348 1
349 3
350 5
351 2
352 -1
353 8
354 7
355 2
356 7
357 4
358 3
359 3
360 1
361 1
362 9
363 4
364 4
365 8
366 5
367 2
368 3
369 10
370 7
371 7
372 10
373 9
374 10
375 7
376 8
377 7
378 4
379 10
380 10
381 8
382 9
383 7
384 5
385 4
386 9
387 9
388 4
389 2
390 10
391 4
392 6
393 4
394 4
395 5
396 3
397 1
398 7
399 9
300 8
301 10
302 6
303 4
304 8
305 10
306 9
307 1
308 8
309 5
310 7
311 5
312 1
313 9
314 4
315 3
316 5
317 5
318 1
319 3
320 9
321 3
322 2
323 4
324 5
325 3
326 10
327 3
328 3
329 10
330 4
331 10
332 3
333 3
334 7
335 6
336 6
337 3
338 7
339 9
340 7
341 9
342 10
343 10
344 6
345 1
346 3
347 8
348 1
349 4
350 5
351 6
352 7
353 1
354 2
355 1
356 1
357 1
358 6
359 9
360 9
361 4
362 5
363 1
364 7
365 7
366 9
367 2
368 6
369 5
370 3
371 2
372 6
373 9
374 8
375 2
376 8
377 3
378 9
379 7
380 6
381 3
382 9
383 3
384 5
385 1
386 10
387 9
388 5
389 10
390 7
391 9
392 8
393 3
394 -1
395 4
396 5
397 10
398 -1
399 7
300 10
301 10
302 9
303 6
304 9
305 10
306 3
307 1
308 3
309 8
310 7
311 4
312 8
313 9
314 10
315 2
316 7
317 9
318 10
319 9
320 8
321 6
322 -1
323 2
324 -1
325 6
326 7
327 3
328 10
329 10
330 6
331 6
332 5
333 9
334 7
335 3
336 7
337 6
338 10
339 10
340 9
341 6
342 7
343 -1
344 2
345 9
346 6
347 1
348 3
349 8
350 2
351 5
352 4
353 5
354 4
355 2
356 10
357 3
358 4
359 -1
360 8
361 5
362 8
363 8
364 8
365 6
366 5
367 6
368 10
369 4
370 2
371 5
372 1
373 1
374 8
375 6
376 5
377 2
378 6
379 4
380 4
381 4
382 7
383 3
384 2
385 7
386 7
387 3
388 6
389 3
390 4
391 8
392 8
393 6
394 3
395 3
396 6
397 10
398 10
399 6
300 7
301 7
302 8
303 8
304 5
305 6
306 7
307 5
308 3
309 3
310 10
311 4
312 1
313 10
314 6
315 9
316 3
317 10
318 8
319 7
320 3
321 1
322 8
323 8
324 6
325 5
326 7
327 6
328 10
329 6
330 10
331 2
332 9
333 8
334 3
335 6
336 8
337 1
338 10
339 9
340 5
341 6
342 1
343 8
344 3
345 6
346 -1
347 9
348 6
349 7
350 10
351 7
352 6
353 9
354 2
355 9
356 3
357 8
358 4
359 7
360 2
361 7
362 1
363 8
364 4
365 2
366 10
367 2
368 4
369 4
370 7
371 1
372 5
373 3
374 3
375 4
376 8
377 8
378 2
379 8
380 6
381 2
382 3
383 8
384 6
385 4
386 8
387 6
388 7
389 7
390 1
391 5
392 1
393 6
394 2
395 3
396 1
397 7
398 3
399 5
